1 142 169 215 257 514 557 679 703 739 760 858 861 999 1002 1024 1081 1130 1243 1247 1253 1264 1299 1362 1472 1485 1524 1526 1593 1615 1670 1676
5 66 71 96 115 126 141 142 143 149 201 210 228 247 257 267 277 292 294 295 340 341 365 376 382 386 389 394 417 477 486 543 551 556 557 564 571 574 609 642 655 677 684 688 700 701 710 733 739 750 789 798 809 816 823 825 847 857 885 894 902 923 942 993 1017 1034 1036 1038 1044 1110 1164 1190 1193 1201 1213 1233 1265 1299 1309 1368 1375 1380 1382 1395 1472 1481 1495 1528 1546 1562 1565 1571 1586 1601 1612 1622 1670 1671
125 11 45 60 72 114 115 136 137 142 152 158 167 181 228 229 256 257 277 290 292 294 295 317 350 371 386 389 401 410 426 433 467 473 498 503 526 557 558 574 578 601 646 655 700 704 712 728 736 739 775 786 795 816 825 859 898 916 923 930 942 945 976 996 1063 1070 1081 1103 1130 1131 1133 1164 1166 1200 1215 1233 1239 1260 1313 1339 1362 1382 1400 1401 1429 1472 1538 1546 1565 1571 1583 1588 1626 1659 1670 1676 1701
126 11 62 72 115 126 136 142 154 158 167 213 228 250 251 257 264 277 280 292 294 328 365 367 371 384 386 389 394 401 406 410 417 426 460 463 467 473 492 493 498 503 525 526 538 546 557 558 574 578 601 630 646 655 692 700 704 712 728 736 739 750 751 775 785 786 795 816 817 823 825 849 859 871 923 942 945 946 962 980 991 1028 1044 1056 1070 1089 1118 1130 1131 1133 1146 1152 1153 1160 1164 1200 1215 1233 1250 1254 1291 1299 1313 1355 1362 1375 1382 1395 1399 1400 1401 1429 1466 1472 1485 1488 1524 1538 1546 1565 1571 1573 1588 1589 1625 1626 1659 1676 1699
127 11 45 50 62 115 126 127 142 154 228 250 257 277 292 294 307 328 350 365 367 371 384 386 389 394 401 406 417 426 436 473 493 498 503 507 538 557 558 574 578 599 630 646 655 692 700 712 728 736 739 750 785 786 795 798 808 816 817 825 835 859 871 898 923 936 942 946 978 980 1024 1028 1044 1045 1055 1056 1079 1118 1130 1131 1133 1146 1152 1153 1164 1231 1233 1250 1254 1291 1299 1302 1313 1362 1382 1395 1399 1429 1472 1480 1488 1537 1538 1546 1565 1571 1573 1588 1614 1670 1701
128 11 50 59 72 115 125 142 152 158 163 167 228 230 257 277 290 292 321 324 328 348 365 371 386 389 401 405 460 467 473 503 525 526 544 546 557 558 574 578 601 618 646 655 670 700 722 728 736 739 775 776 786 791 793 816 823 825 859 896 907 923 942 945 946 980 991 1028 1056 1057 1070 1103 1111 1130 1131 1146 1152 1164 1166 1168 1196 1200 1215 1223 1233 1239 1260 1291 1299 1313 1316 1362 1375 1382 1395 1400 1401 1429 1466 1472 1491 1528 1551 1565 1571 1586 1613 1620 1626 1659 1676
6 10 59 81 115 119 142 185 226 228 237 257 277 292 319 365 367 386 401 405 462 483 498 514 566 599 616 655 671 673 688 700 728 739 791 793 816 857 859 901 923 942 966 976 980 991 1046 1056 1133 1164 1166 1185 1233 1240 1247 1250 1278 1291 1309 1397 1472 1480 1550 1565 1571 1607 1622 1631 1670 1675 1685 1701
129 45 59 71 126 130 142 152 230 251 257 270 277 292 328 365 367 370 371 386 391 398 401 433 436 442 443 459 462 465 473 514 522 532 557 670 687 691 708 722 728 739 762 765 793 798 816 823 835 847 878 898 911 923 924 940 942 944 963 975 976 978 980 991 995 1003 1006 1020 1033 1044 1130 1133 1152 1166 1186 1233 1250 1258 1286 1287 1313 1340 1362 1369 1375 1467 1472 1484 1531 1536 1565 1571 1583 1588 1600 1625 1651 1653 1654 1655 1699
130 11 33 95 142 257 270 277 292 328 365 371 401 473 503 514 557 646 673 704 734 739 751 798 816 823 859 893 923 942 980 991 1020 1130 1152 1166 1168 1233 1250 1316 1472 1474 1528 1565 1570 1571 1588 1625 1651 1653 1670 1701
132 142 257 277 292 328 342 365 371 386 401 473 498 555 558 574 595 646 739 785 816 922 923 942 980 991 996 1117 1152 1204 1233 1250 1472 1565 1571 1588 1670 1685 1701
131 72 115 136 142 149 152 158 167 226 228 237 257 277 284 292 328 365 401 467 473 498 526 554 557 574 578 595 601 655 688 700 714 739 775 786 816 823 835 859 923 942 945 1015 1056 1070 1130 1131 1152 1164 1200 1215 1233 1291 1313 1375 1400 1401 1429 1466 1472 1480 1546 1565 1571 1588 1622 1626 1659 1676 1685 1699
133 72 115 142 158 167 228 257 264 277 282 365 371 389 410 433 467 498 557 574 655 673 700 739 816 942 980 1070 1130 1164 1200 1215 1233 1250 1265 1299 1400 1401 1472 1528 1565 1571 1600 1626 1659 1670 1676 1701
135 45 59 66 72 91 115 136 142 152 158 167 228 230 238 257 264 277 282 284 292 328 365 371 384 386 389 401 405 410 433 459 462 467 483 492 493 498 522 556 557 558 574 634 646 655 671 674 676 689 700 701 716 718 722 728 739 762 780 788 798 816 823 859 907 911 921 923 935 942 946 980 990 996 1044 1056 1070 1117 1120 1130 1133 1140 1160 1164 1176 1185 1200 1215 1231 1233 1250 1265 1291 1299 1313 1314 1347 1375 1400 1401 1416 1472 1474 1480 1528 1544 1550 1551 1565 1571 1586 1594 1601 1619 1625 1626 1631 1659 1664 1676 1679
136 23 72 115 126 142 154 158 167 228 250 257 277 294 328 365 371 386 389 410 426 467 498 503 538 557 574 630 646 655 700 712 739 795 816 817 923 942 991 1070 1153 1164 1200 1215 1233 1299 1362 1375 1382 1400 1401 1472 1565 1571 1586 1600 1626 1659 1676
137 0 11 17 45 57 59 72 115 117 125 126 142 158 163 167 201 228 230 238 257 275 277 290 292 328 358 365 371 386 417 446 460 467 473 488 503 524 525 526 540 544 557 559 574 578 591 601 646 655 671 700 722 728 739 748 775 776 791 816 817 823 825 859 896 898 923 942 945 972 980 991 996 1018 1028 1034 1044 1056 1057 1070 1103 1111 1114 1130 1133 1146 1152 1164 1200 1215 1223 1231 1233 1239 1260 1273 1291 1299 1308 1313 1316 1343 1362 1382 1400 1401 1407 1411 1466 1472 1474 1476 1480 1497 1549 1550 1551 1565 1571 1594 1613 1618 1626 1659 1666 1670 1676 1695 1701
138 41 45 109 115 142 149 154 185 225 226 237 257 277 278 280 290 317 328 342 365 367 386 388 410 417 433 456 471 507 536 557 574 595 634 666 671 728 739 775 778 816 823 825 836 871 942 949 980 991 1028 1044 1056 1103 1114 1115 1117 1118 1193 1231 1233 1239 1250 1260 1291 1304 1307 1314 1339 1376 1439 1472 1474 1480 1550 1565 1571 1573 1603 1625 1627 1670 1685 1701
139 115 136 142 221 228 257 277 280 292 325 328 342 365 384 386 389 401 406 410 426 498 557 574 595 670 700 712 739 750 795 816 823 898 902 923 930 942 1130 1133 1152 1164 1186 1233 1242 1309 1375 1397 1472 1476 1480 1571 1594 1669 1685 1699
140 58 60 142 158 246 257 270 277 335 341 342 362 365 386 389 401 417 442 454 493 514 522 530 557 595 639 671 728 739 751 816 834 898 902 909 920 940 942 996 1007 1020 1043 1044 1056 1080 1118 1133 1204 1233 1250 1259 1291 1300 1331 1354 1375 1472 1480 1524 1528 1550 1565 1571 1573 1618 1620 1648 1685 1699
141 11 59 88 115 142 226 228 237 246 252 257 267 277 292 294 328 365 371 386 389 401 405 410 426 433 473 498 503 525 526 555 557 574 578 601 630 646 670 671 700 710 712 737 739 771 775 786 795 797 816 859 907 923 942 943 945 978 980 985 1056 1130 1131 1146 1164 1185 1206 1233 1240 1247 1250 1291 1313 1337 1362 1382 1417 1429 1472 1474 1480 1528 1550 1565 1571 1594 1670 1701
143 59 142 257 277 290 292 365 472 473 507 525 526 574 578 601 671 728 737 739 775 786 816 923 942 945 1130 1131 1233 1309 1313 1429 1472 1565 1571 1618 1670 1701
7 15 57 109 114 115 133 141 142 149 185 228 252 257 275 277 284 292 294 296 328 365 370 386 417 447 493 498 503 550 555 557 566 574 591 643 646 700 701 728 739 776 778 793 798 816 847 898 927 942 996 1028 1046 1050 1056 1073 1081 1103 1106 1130 1133 1164 1233 1242 1247 1250 1274 1291 1304 1313 1376 1382 1407 1436 1454 1472 1476 1528 1550 1571 1573 1594 1603 1618 1631 1633 1664 1669 1670 1681 1701
209 11 15 24 32 36 45 57 59 66 90 105 115 121 130 131 136 142 144 149 151 152 154 163 167 170 187 201 215 224 225 228 251 252 257 264 265 270 275 276 277 278 290 291 292 294 305 321 345 346 348 359 365 367 371 386 388 389 394 395 396 398 401 405 410 413 416 417 433 437 458 459 462 478 483 488 493 499 503 507 514 518 522 525 538 553 556 557 558 569 574 584 591 596 616 630 634 635 646 655 666 668 670 674 677 688 689 691 700 701 705 722 728 730 739 740 744 751 756 760 765 772 781 783 791 793 796 797 798 801 803 807 808 816 822 823 825 836 847 849 853 859 860 867 879 893 894 898 916 921 936 940 942 946 956 970 978 979 989 992 996 1003 1009 1012 1030 1038 1039 1044 1045 1047 1049 1055 1056 1058 1063 1074 1075 1079 1081 1084 1087 1097 1103 1113 1117 1124 1130 1131 1137 1152 1160 1163 1164 1185 1190 1193 1196 1197 1215 1218 1230 1231 1233 1234 1239 1240 1247 1250 1253 1254 1255 1257 1258 1267 1287 1291 1304 1314 1315 1316 1336 1339 1340 1342 1343 1356 1367 1373 1382 1409 1416 1429 1434 1436 1451 1468 1472 1474 1475 1476 1480 1488 1491 1494 1510 1523 1526 1528 1531 1542 1546 1548 1550 1565 1571 1588 1593 1594 1599 1600 1613 1618 1619 1620 1622 1625 1627 1636 1648 1654 1660 1663 1666 1670 1673 1674 1681 1692 1695 1701
144 45 59 142 152 230 251 257 270 277 292 328 342 348 365 366 370 371 386 398 401 417 434 449 462 465 473 557 591 661 670 687 708 715 722 728 739 762 765 785 798 816 853 923 924 940 942 991 995 1006 1027 1035 1049 1130 1133 1152 1166 1186 1233 1240 1250 1286 1287 1369 1427 1467 1472 1528 1565 1571 1588 1625 1653 1654 1670 1701
145 11 45 59 76 115 142 147 152 230 251 257 277 292 328 348 365 367 370 386 398 417 434 449 462 465 472 498 503 557 574 591 599 646 661 670 687 708 715 722 728 739 762 765 798 816 836 853 898 923 924 940 942 995 1006 1027 1028 1035 1044 1056 1130 1133 1152 1166 1186 1215 1233 1240 1286 1287 1291 1313 1316 1362 1369 1427 1460 1467 1472 1474 1480 1528 1550 1565 1570 1571 1586 1618 1625 1653 1654 1669 1670 1699 1701
146 78 125 149 163 185 219 264 277 288 292 294 307 321 328 365 367 384 386 405 472 503 557 560 574 591 599 646 670 671 704 731 737 776 825 859 865 867 898 942 980 985 996 1028 1056 1130 1146 1152 1162 1166 1190 1230 1233 1239 1244 1291 1299 1316 1364 1404 1432 1436 1474 1480 1485 1546 1550 1551 1565 1615 1625 1653
8 11 23 45 95 114 115 121 136 142 149 152 228 257 277 292 295 317 348 365 371 384 386 389 401 423 425 426 473 478 492 498 503 526 557 558 574 578 601 646 700 728 739 775 786 816 825 841 859 898 921 930 942 945 980 996 1035 1056 1130 1131 1133 1164 1166 1193 1233 1239 1240 1250 1260 1291 1313 1339 1362 1382 1429 1472 1488 1546 1565 1569 1571 1584 1670 1701
147 45 59 71 109 115 130 142 149 152 230 251 257 270 276 277 280 282 292 350 362 365 370 375 386 398 401 433 436 459 462 465 473 541 555 557 630 670 671 687 708 722 728 739 762 765 798 816 859 867 878 879 898 911 917 924 940 942 962 975 976 978 980 995 1002 1006 1015 1033 1046 1056 1079 1085 1130 1152 1166 1186 1193 1230 1233 1258 1262 1286 1287 1291 1292 1313 1356 1369 1467 1472 1476 1480 1484 1550 1571 1579 1583 1588 1600 1626 1653 1654 1655 1670 1701
148 45 59 69 71 115 130 142 149 152 230 251 257 270 277 292 365 370 375 386 398 401 433 436 462 465 473 481 498 557 670 671 687 708 722 728 739 762 765 798 816 835 859 878 879 898 911 924 940 942 975 976 978 995 1006 1015 1033 1046 1056 1130 1152 1166 1186 1230 1233 1258 1286 1287 1291 1313 1356 1369 1375 1467 1472 1480 1484 1550 1571 1583 1588 1600 1653 1654 1655 1699
149 135 142 257 277 365 557 673 739 816 942 1029 1039 1130 1233 1407 1411 1472 1565 1571 1670 1701
9 11 21 72 115 135 142 149 158 167 199 225 228 246 257 277 290 319 324 325 328 345 350 365 379 386 417 435 442 459 467 477 493 557 558 574 595 655 671 673 700 722 728 739 797 801 806 816 835 879 898 916 923 925 942 1029 1034 1044 1049 1056 1070 1118 1130 1133 1164 1166 1178 1200 1215 1232 1233 1260 1291 1375 1382 1395 1400 1401 1407 1411 1430 1472 1480 1484 1528 1543 1565 1571 1586 1626 1630 1631 1659 1666 1674 1676 1699
151 42 46 115 142 149 152 185 195 201 237 240 246 252 257 266 277 279 292 294 303 325 355 365 367 371 389 392 394 399 401 425 433 462 483 493 499 514 522 557 558 566 574 584 591 593 595 628 646 670 671 673 710 717 719 722 739 816 818 821 844 886 898 906 924 926 937 940 942 943 991 996 999 1020 1056 1101 1185 1215 1232 1233 1234 1246 1247 1291 1315 1319 1332 1366 1375 1407 1427 1435 1436 1451 1472 1480 1497 1550 1571 1594 1618 1620 1628 1631 1634 1654 1666 1670 1685 1701
197 0 11 15 45 53 59 88 109 115 130 142 149 152 154 163 167 170 173 181 201 225 228 252 257 264 265 267 270 277 280 290 292 305 310 348 365 367 386 389 394 401 406 416 421 433 442 447 458 459 462 483 486 488 493 498 500 503 514 522 525 543 550 557 578 584 588 591 612 616 622 634 646 655 666 670 678 684 688 700 701 722 728 739 741 744 756 771 772 781 783 791 793 797 798 816 822 823 825 836 843 847 859 860 867 877 893 894 898 900 908 921 935 936 940 942 946 973 975 977 996 1001 1009 1021 1028 1044 1049 1055 1056 1058 1063 1087 1103 1130 1131 1152 1164 1185 1197 1215 1218 1224 1231 1232 1233 1234 1239 1240 1246 1247 1253 1257 1261 1267 1287 1291 1304 1314 1336 1339 1342 1347 1355 1360 1382 1395 1409 1416 1429 1431 1436 1460 1470 1472 1474 1476 1480 1491 1494 1511 1524 1528 1531 1537 1542 1544 1548 1550 1565 1571 1589 1590 1593 1594 1599 1600 1613 1618 1619 1620 1622 1625 1627 1636 1654 1659 1660 1663 1666 1670 1673 1674 1679 1681 1692 1701
10 11 46 72 115 142 158 167 201 228 246 257 264 277 290 328 365 379 386 417 435 445 467 477 498 557 558 566 574 591 595 603 634 655 665 671 700 728 739 785 799 801 806 816 825 898 916 923 942 1049 1056 1059 1070 1118 1128 1130 1133 1164 1178 1193 1200 1215 1233 1260 1291 1343 1376 1395 1400 1401 1407 1411 1430 1439 1472 1474 1480 1484 1528 1565 1571 1622 1626 1630 1659 1670 1676 1701
153 45 50 90 142 152 163 214 223 257 277 292 294 348 365 367 371 386 389 394 398 401 417 433 462 488 493 507 520 556 557 574 599 618 646 693 699 728 739 793 798 816 823 859 898 916 923 924 940 942 991 996 1008 1039 1044 1045 1049 1056 1079 1130 1146 1152 1155 1166 1188 1230 1233 1250 1265 1291 1313 1316 1337 1377 1416 1436 1472 1476 1480 1494 1528 1537 1550 1565 1571 1613 1618 1620 1625 1631 1670 1674 1681 1701
152 48 142 149 152 163 257 277 288 292 294 335 365 386 389 417 433 488 507 556 557 574 618 638 646 676 694 728 739 751 791 816 859 898 916 942 1024 1039 1056 1099 1109 1126 1127 1130 1146 1152 1155 1166 1188 1221 1230 1233 1265 1291 1300 1316 1339 1375 1472 1480 1528 1550 1571 1586 1603 1618 1674
154 45 59 62 89 115 123 142 149 152 163 185 206 214 257 264 267 270 277 321 365 386 388 389 394 425 433 462 475 503 557 566 632 646 655 671 690 722 728 739 741 773 793 816 862 873 898 906 916 942 973 980 1050 1056 1080 1099 1130 1139 1152 1155 1166 1168 1174 1200 1229 1230 1233 1265 1291 1300 1316 1361 1383 1399 1472 1474 1480 1528 1550 1551 1552 1571 1573 1635 1670 1674 1681 1692 1701
156 71 142 145 147 169 184 257 277 365 386 519 673 681 739 789 816 820 1081 1205 1219 1233 1288 1313 1342 1472 1484
183 45 49 59 107 142 149 152 154 175 181 185 194 214 226 237 238 257 277 284 292 300 307 342 365 367 382 386 401 417 421 459 481 483 514 521 527 529 574 638 670 678 722 728 739 770 771 784 791 793 816 822 823 835 841 859 867 886 907 914 942 1017 1028 1035 1044 1049 1056 1109 1166 1175 1206 1221 1230 1233 1239 1247 1250 1257 1286 1289 1291 1292 1339 1343 1349 1362 1407 1414 1460 1472 1476 1480 1494 1503 1528 1550 1570 1571 1588 1594 1603 1619 1620 1625 1668 1670 1701
184 15 17 33 34 45 61 109 115 126 129 142 149 154 173 175 181 185 187 195 213 226 238 257 277 279 317 318 335 342 346 362 365 384 386 389 391 394 401 405 417 435 436 438 459 460 483 486 498 499 500 514 526 537 541 574 576 578 599 609 628 633 639 646 693 703 708 714 722 728 731 739 740 744 750 751 755 763 791 795 797 799 816 819 823 835 841 842 849 859 864 867 886 926 935 942 946 949 968 969 978 982 992 996 1009 1017 1019 1020 1021 1024 1049 1056 1063 1068 1073 1075 1087 1103 1111 1133 1148 1185 1193 1232 1233 1240 1242 1254 1265 1267 1268 1288 1291 1310 1315 1323 1330 1333 1336 1337 1343 1362 1399 1407 1418 1431 1436 1452 1453 1456 1460 1464 1468 1472 1474 1476 1480 1491 1494 1497 1528 1550 1570 1571 1574 1603 1613 1618 1633 1648 1665 1670 1701
158 72 115 126 142 158 167 228 257 277 315 328 365 370 371 467 557 655 700 739 816 923 942 980 1070 1130 1164 1200 1215 1233 1299 1342 1400 1401 1472 1565 1571 1600 1626 1659 1670 1676 1701
159 11 142 257 277 315 365 462 557 673 708 739 786 816 823 907 942 962 980 1044 1130 1131 1233 1313 1375 1429 1480 1565 1571 1586 1675
160 45 59 72 115 126 142 152 158 167 228 230 251 257 270 277 292 294 315 328 348 365 367 370 386 398 401 417 434 449 462 465 467 557 591 599 646 655 661 670 673 687 700 708 710 715 722 728 739 762 765 798 816 818 853 898 923 924 940 942 980 995 1006 1018 1027 1028 1035 1046 1056 1064 1070 1117 1130 1133 1152 1161 1164 1166 1186 1200 1215 1233 1286 1287 1291 1299 1316 1369 1375 1395 1399 1400 1401 1427 1467 1472 1480 1528 1550 1565 1570 1571 1586 1626 1654 1659 1676
11 11 115 122 142 149 228 252 257 267 270 277 294 326 335 365 395 498 557 566 574 591 638 700 728 739 791 816 825 836 942 956 959 998 1020 1056 1103 1130 1164 1233 1235 1247 1291 1304 1356 1368 1472 1523 1566 1571 1594 1618 1625 1638 1670 1701
192 46 66 113 115 142 242 257 262 264 266 275 277 328 347 365 386 425 462 493 507 514 539 557 565 574 591 593 677 719 739 797 816 825 850 859 898 912 942 946 991 996 1055 1056 1058 1064 1069 1130 1188 1224 1233 1250 1291 1319 1332 1358 1362 1438 1443 1472 1480 1510 1550 1571 1600 1601 1603 1667 1670 1701
201 11 78 142 147 149 257 277 290 292 365 386 417 459 461 473 498 503 526 557 574 578 591 601 638 646 728 739 775 786 816 898 935 937 942 945 1009 1056 1065 1120 1130 1131 1152 1221 1233 1291 1313 1339 1362 1429 1466 1472 1480 1565 1571 1586 1618 1670 1693 1699 1701
161 11 45 60 114 115 121 136 142 149 152 181 228 229 257 292 294 295 317 371 386 389 401 410 425 426 433 473 493 499 503 526 530 557 558 574 578 583 599 601 646 693 700 712 728 739 775 786 795 816 825 859 898 916 923 930 942 945 976 980 996 1081 1103 1109 1130 1131 1133 1164 1166 1233 1239 1240 1260 1313 1339 1362 1429 1472 1546 1565 1571 1583 1625 1670 1701
12 11 72 102 115 142 144 154 158 167 199 228 252 257 275 277 290 292 325 358 365 375 379 386 401 417 459 463 467 478 483 502 557 566 574 591 593 655 671 673 700 728 739 788 801 806 816 847 863 898 942 989 996 1049 1056 1070 1118 1130 1133 1138 1164 1166 1178 1185 1193 1200 1215 1233 1241 1247 1252 1259 1265 1291 1313 1375 1382 1395 1400 1401 1407 1411 1427 1472 1480 1528 1543 1550 1565 1571 1594 1626 1630 1659 1670 1675 1676 1701
163 23 66 115 142 152 163 176 256 257 292 310 371 386 416 421 458 537 553 554 557 646 673 700 728 739 746 793 797 798 816 823 850 877 916 942 977 985 992 1021 1065 1088 1092 1103 1152 1233 1239 1248 1291 1395 1399 1472 1474 1497 1524 1528 1550 1571 1633 1644 1670 1679 1701
220 53 90 109 114 116 121 141 142 152 185 257 270 272 277 292 294 328 342 346 365 379 386 394 416 435 458 462 495 500 503 551 555 574 591 634 646 670 700 739 756 772 791 799 816 867 923 942 978 992 1014 1020 1049 1056 1097 1103 1109 1116 1118 1120 1215 1233 1240 1250 1256 1265 1269 1291 1369 1413 1457 1460 1471 1472 1476 1492 1497 1528 1550 1571 1624 1666 1670 1679 1697 1701
205 11 15 23 29 36 39 44 45 57 59 78 84 89 90 103 105 109 115 116 130 136 142 146 149 152 173 187 198 201 214 220 228 236 249 251 252 254 257 265 270 276 277 290 292 294 309 328 329 345 346 350 365 367 375 382 386 388 389 417 421 459 473 475 478 488 493 503 514 516 522 525 526 530 550 557 562 570 573 574 578 584 593 601 608 616 625 628 630 631 641 646 655 660 670 677 678 697 700 703 717 719 728 739 751 771 772 775 779 781 786 789 791 797 798 801 816 817 822 823 827 840 844 846 855 859 867 878 881 900 905 916 923 930 931 935 936 940 942 945 950 961 978 985 992 996 997 998 1009 1015 1021 1025 1036 1044 1045 1056 1058 1066 1079 1089 1096 1097 1103 1104 1117 1121 1127 1130 1131 1132 1136 1146 1150 1152 1160 1161 1163 1164 1185 1193 1196 1206 1219 1233 1236 1240 1247 1259 1261 1262 1279 1287 1291 1295 1300 1307 1313 1321 1329 1333 1336 1337 1339 1342 1347 1354 1362 1364 1366 1382 1409 1418 1429 1430 1466 1470 1472 1476 1484 1491 1497 1502 1510 1518 1526 1528 1531 1538 1550 1555 1565 1571 1573 1580 1589 1594 1600 1613 1618 1619 1648 1649 1650 1653 1670 1676 1681 1701
230 11 25 45 57 59 67 78 81 89 90 105 110 115 141 142 144 149 173 176 217 236 252 255 257 264 277 280 292 294 318 328 342 386 389 406 417 433 435 459 477 478 483 488 505 516 522 525 526 530 538 541 543 557 574 578 591 601 605 606 609 616 625 655 670 684 692 705 713 726 730 739 751 775 777 786 788 797 798 816 817 819 823 825 850 878 916 921 923 933 942 945 975 996 997 1002 1003 1017 1025 1039 1044 1049 1055 1066 1076 1079 1099 1101 1103 1109 1115 1130 1131 1160 1165 1185 1189 1193 1244 1247 1259 1291 1292 1300 1304 1310 1313 1323 1333 1337 1339 1356 1411 1429 1436 1458 1470 1471 1472 1474 1494 1508 1510 1549 1550 1565 1571 1573 1601 1603 1618 1650 1670 1676 1701
164 48 74 107 115 121 142 207 257 268 324 348 372 389 498 500 533 554 567 591 595 739 747 751 787 816 820 923 926 935 941 942 968 1142 1154 1269 1274 1275 1280 1309 1320 1331 1353 1397 1447 1448 1472 1478 1503 1571 1599 1607 1653 1664 1669 1670 1701
165 45 59 130 142 192 251 257 277 292 318 328 342 348 354 365 386 398 401 417 434 436 449 462 465 557 591 616 628 661 670 708 715 722 739 761 765 785 816 825 835 853 859 872 923 940 942 986 995 996 1027 1113 1130 1133 1146 1166 1208 1233 1240 1250 1287 1427 1446 1472 1504 1551 1565 1571 1654 1670 1701
166 45 89 95 105 115 142 146 181 236 257 277 328 365 371 384 386 421 478 498 530 655 666 670 692 723 739 789 816 817 878 923 942 980 997 1018 1034 1073 1103 1233 1250 1254 1255 1448 1472 1480 1484 1562 1565 1571 1650 1663 1670 1676 1701
167 11 45 58 81 83 88 89 115 116 126 135 141 145 152 153 173 181 225 236 242 277 292 345 352 365 386 417 426 427 442 455 458 478 492 500 506 525 526 541 557 574 578 601 610 630 655 669 670 726 744 757 775 777 786 789 795 817 878 879 900 905 917 929 930 942 945 952 956 980 989 1011 1012 1020 1034 1045 1050 1058 1074 1080 1104 1121 1130 1131 1156 1180 1193 1196 1219 1242 1288 1292 1302 1313 1343 1362 1375 1386 1425 1429 1436 1452 1484 1502 1503 1565 1567 1568 1571 1589 1618 1643 1650 1663 1665 1675 1676
168 11 89 95 105 115 116 142 145 152 193 226 236 257 277 328 335 386 417 421 478 483 500 516 525 541 557 655 657 666 670 722 739 816 817 825 867 877 878 910 923 942 970 980 989 1009 1012 1018 1034 1058 1063 1083 1092 1110 1130 1151 1193 1257 1320 1342 1375 1436 1448 1472 1476 1553 1565 1571 1586 1589 1600 1603 1618 1650 1656 1676
169 11 59 88 89 113 115 130 135 141 142 152 154 167 171 177 182 191 218 220 228 257 270 272 277 288 294 325 346 356 359 365 371 379 386 389 398 417 446 458 483 486 495 500 503 541 543 550 564 574 587 608 636 646 655 677 693 700 710 726 735 739 777 797 798 801 816 839 845 850 851 893 915 942 986 990 991 992 1002 1019 1020 1039 1062 1079 1080 1090 1137 1146 1148 1152 1168 1190 1193 1224 1232 1233 1240 1252 1257 1259 1265 1292 1298 1318 1319 1331 1337 1343 1354 1355 1367 1370 1382 1417 1447 1472 1500 1504 1506 1528 1541 1555 1560 1568 1571 1595 1618 1651 1670 1697 1701 1702
170 115 142 257 277 289 365 386 410 498 542 557 594 739 816 942 1010 1130 1233 1472 1562 1571 1670 1701
171 11 29 37 45 48 59 82 89 103 137 142 177 207 214 255 257 262 270 277 349 365 386 389 394 399 417 445 450 503 507 539 566 589 591 595 607 618 639 641 646 651 710 722 723 739 740 768 777 797 798 813 816 825 839 893 942 949 977 1019 1022 1058 1073 1079 1080 1126 1148 1152 1160 1168 1173 1190 1232 1233 1247 1254 1298 1310 1331 1343 1363 1377 1448 1472 1528 1555 1566 1571 1603 1618 1656 1670 1701
172 11 17 35 37 38 48 56 59 80 84 90 95 103 107 108 115 142 152 165 212 257 292 370 371 389 483 500 503 507 514 541 542 557 566 567 571 591 595 609 630 646 677 697 739 748 773 777 801 816 819 825 830 879 912 923 942 980 992 998 1019 1020 1054 1058 1069 1130 1148 1152 1168 1196 1202 1231 1233 1246 1272 1277 1292 1309 1323 1372 1374 1402 1427 1448 1472 1478 1505 1528 1529 1532 1571 1594 1595 1603 1635 1670 1680 1685 1701
173 142 257 267 276 498 503 555 574 591 646 731 739 816 871 933 942 980 1033 1079 1080 1152 1168 1240 1250 1316 1360 1448 1472 1528 1565 1571 1635 1670 1701
174 78 138 142 152 181 196 252 257 312 325 371 488 500 502 541 542 557 566 591 597 625 630 642 713 724 739 752 759 774 816 825 850 863 871 912 940 942 998 1003 1044 1147 1169 1189 1232 1277 1288 1292 1329 1336 1343 1356 1364 1368 1375 1376 1420 1472 1478 1570 1571 1586 1618 1670
175 11 15 23 45 50 59 62 112 115 131 141 142 167 200 212 235 255 257 261 267 280 292 325 327 330 342 351 371 384 386 389 421 433 442 490 503 507 528 557 566 574 585 601 608 609 619 625 628 630 646 662 670 697 700 715 725 726 739 777 795 797 798 816 819 831 841 859 867 875 876 879 886 923 942 946 980 992 996 998 1039 1049 1055 1058 1073 1103 1105 1109 1117 1124 1130 1133 1152 1160 1164 1168 1193 1202 1233 1236 1247 1277 1294 1307 1309 1313 1354 1363 1382 1391 1395 1407 1427 1436 1472 1476 1488 1494 1528 1550 1565 1571 1585 1613 1635 1668 1670 1671 1698 1701
176 0 11 17 45 57 72 115 117 125 126 142 144 158 163 167 201 228 230 238 257 275 277 280 290 292 328 358 365 371 386 417 446 460 467 473 488 503 524 525 526 540 544 557 559 574 578 591 601 646 655 671 700 722 728 739 748 775 776 791 793 816 817 823 825 859 896 898 923 942 945 972 980 991 996 1001 1018 1028 1034 1044 1056 1057 1070 1103 1111 1114 1130 1133 1146 1152 1164 1200 1215 1223 1231 1233 1239 1260 1273 1291 1299 1308 1313 1316 1343 1362 1375 1382 1400 1401 1407 1411 1466 1472 1474 1476 1480 1497 1549 1550 1551 1565 1571 1594 1613 1618 1626 1659 1666 1676 1695 1699
177 71 142 145 147 169 184 257 277 365 386 519 681 739 789 816 820 942 1081 1205 1219 1233 1288 1313 1342 1472 1484
178 71 142 145 147 169 184 257 277 365 386 519 681 739 789 816 820 942 1081 1205 1219 1233 1288 1313 1342 1472 1484
179 23 66 115 142 149 152 163 176 256 257 292 310 371 386 416 421 458 537 553 554 557 646 673 700 728 739 746 793 797 798 816 823 850 877 916 942 977 985 992 1021 1065 1088 1092 1103 1152 1233 1239 1248 1291 1375 1395 1399 1472 1474 1497 1524 1528 1550 1571 1633 1644 1679 1699
13 32 75 78 115 142 147 170 228 257 277 294 365 398 462 500 530 546 557 591 595 621 628 638 648 655 688 700 739 816 869 902 909 920 923 940 962 997 1008 1031 1073 1104 1117 1130 1164 1173 1187 1233 1235 1250 1254 1278 1309 1323 1364 1382 1472 1571 1622 1670 1685 1701
14 57 91 115 121 142 149 154 221 228 249 257 267 277 280 292 296 325 365 371 376 378 382 440 464 491 494 518 530 571 583 591 605 623 655 673 678 693 698 700 712 731 739 743 751 753 758 792 801 807 816 822 875 878 889 902 910 923 940 951 973 975 978 993 1009 1021 1044 1046 1071 1073 1089 1110 1143 1164 1193 1233 1240 1265 1274 1278 1294 1309 1335 1337 1365 1452 1471 1472 1497 1527 1562 1565 1571 1573 1598 1622 1635 1670 1701
181 36 40 45 58 67 71 81 83 91 109 111 115 121 130 135 142 146 149 181 201 203 210 218 228 234 236 257 270 276 277 289 296 330 342 349 358 363 365 370 389 396 430 450 477 500 514 528 540 541 542 548 557 591 595 609 628 638 655 666 668 688 700 722 723 739 740 766 777 797 816 819 822 829 857 860 864 879 887 900 902 905 909 920 923 924 935 970 997 998 1011 1020 1023 1027 1030 1039 1046 1052 1055 1058 1104 1130 1164 1196 1233 1238 1265 1309 1367 1376 1407 1416 1457 1472 1476 1477 1497 1504 1513 1541 1571 1585 1613 1622 1627 1628 1637 1639 1664 1665 1670 1689 1701
182 45 66 91 115 121 130 135 142 146 149 174 181 201 218 236 250 257 270 277 289 358 363 365 384 430 488 514 528 530 533 540 541 542 548 576 578 591 595 616 635 666 668 700 710 719 722 723 724 739 798 812 816 840 853 860 864 879 900 902 905 909 920 923 965 970 1011 1020 1030 1034 1055 1073 1103 1104 1110 1161 1176 1189 1193 1196 1233 1265 1269 1275 1309 1376 1407 1416 1447 1472 1541 1562 1571 1573 1601 1627 1639 1665 1670 1685 1701
15 70 115 121 131 142 146 149 154 166 197 221 257 267 277 292 315 325 333 337 361 365 371 382 384 389 394 433 477 481 502 542 548 553 557 574 583 591 609 655 699 700 712 739 758 777 782 789 816 847 871 889 902 923 975 980 1003 1071 1115 1130 1196 1215 1233 1265 1309 1337 1369 1382 1407 1408 1411 1448 1456 1472 1488 1510 1528 1529 1553 1555 1562 1571 1670 1701
16 27 114 115 142 143 147 149 154 226 228 257 263 277 301 303 341 342 365 376 468 486 488 500 528 557 587 609 620 635 655 658 688 693 700 712 739 749 798 801 807 816 835 852 857 875 902 910 923 932 952 996 1001 1058 1130 1164 1190 1233 1265 1278 1309 1343 1350 1426 1460 1472 1476 1482 1495 1562 1571 1621 1622 1626 1663 1670 1701
17 18 50 53 90 115 116 139 142 152 157 226 228 230 236 257 273 277 310 325 342 345 365 386 389 393 396 409 416 422 433 458 468 487 500 557 574 585 595 605 630 635 640 655 673 695 700 722 739 789 795 798 801 816 841 890 893 898 902 914 915 923 942 947 977 981 997 1010 1021 1056 1081 1161 1164 1190 1191 1200 1233 1242 1252 1265 1291 1309 1318 1337 1365 1413 1438 1460 1472 1476 1482 1495 1553 1562 1569 1571 1573 1588 1589 1598 1600 1615 1622 1626 1670 1685 1701
18 31 45 68 115 120 142 144 154 158 228 229 257 264 267 277 295 365 394 417 436 478 479 491 493 525 553 557 567 604 646 655 688 693 700 739 751 771 772 775 791 798 816 844 852 878 902 910 923 940 942 978 988 1009 1033 1046 1048 1056 1081 1161 1162 1164 1179 1193 1233 1240 1309 1330 1344 1346 1432 1452 1471 1472 1476 1500 1524 1550 1565 1571 1586 1589 1600 1608 1615 1622 1670 1701
185 65 114 115 142 149 202 228 257 277 293 341 365 370 422 468 500 587 591 602 609 635 655 658 668 686 693 700 731 739 777 801 816 822 846 849 875 902 923 934 963 980 1054 1164 1167 1190 1233 1265 1288 1309 1460 1472 1495 1527 1571 1626 1663 1670 1675 1701
227 15 45 48 66 68 78 90 112 116 142 145 150 202 257 264 293 338 339 343 417 452 476 591 629 638 712 719 737 739 758 775 816 838 853 902 906 923 946 967 975 998 1020 1071 1074 1080 1103 1196 1211 1222 1229 1230 1235 1240 1262 1276 1286 1294 1309 1338 1344 1376 1472 1476 1492 1556 1571 1591 1632 1654 1669 1670 1674 1691 1701
19 23 45 46 48 57 78 88 110 111 114 115 122 134 141 142 146 149 154 160 164 170 181 191 209 211 212 218 221 228 237 257 258 261 267 268 277 296 312 324 325 332 338 341 342 349 354 355 359 365 366 368 376 384 386 389 426 433 439 440 445 461 470 488 500 505 507 511 525 543 557 574 580 582 591 596 609 628 638 642 655 665 677 686 688 700 713 724 726 733 734 739 752 758 769 773 777 798 801 816 822 827 841 850 853 855 869 873 879 902 912 917 923 931 949 950 953 956 967 978 990 998 1001 1008 1011 1015 1019 1030 1058 1069 1073 1086 1095 1108 1114 1126 1130 1141 1147 1148 1150 1152 1160 1162 1164 1173 1190 1192 1224 1229 1230 1232 1233 1240 1242 1243 1248 1250 1252 1260 1265 1272 1278 1295 1300 1309 1323 1332 1335 1349 1356 1364 1367 1368 1370 1376 1382 1404 1407 1417 1420 1422 1425 1434 1472 1473 1528 1546 1548 1552 1566 1571 1574 1585 1592 1598 1609 1622 1665 1670 1681 1685 1701 1702
20 1 12 13 15 23 25 33 79 106 115 142 149 154 188 190 206 221 228 256 257 267 275 277 293 330 337 341 346 365 376 380 407 417 421 435 454 458 475 477 478 479 509 525 528 543 546 550 553 554 557 583 587 595 615 617 634 638 655 677 688 699 700 701 710 716 739 760 788 796 797 803 806 816 822 849 855 857 861 862 877 878 885 888 902 918 922 923 942 991 992 1003 1012 1045 1054 1056 1080 1100 1118 1120 1130 1159 1164 1188 1189 1212 1227 1229 1233 1253 1263 1265 1274 1278 1286 1304 1305 1309 1325 1335 1352 1356 1368 1371 1382 1399 1429 1465 1471 1472 1473 1477 1484 1488 1498 1524 1528 1529 1550 1565 1571 1586 1593 1598 1600 1606 1609 1615 1622 1644 1670 1701
157 8 92 114 115 142 149 154 181 201 226 228 236 239 257 267 270 274 277 320 325 341 342 365 374 376 386 389 416 426 433 458 479 498 500 510 511 542 557 574 578 587 591 593 594 602 603 620 655 686 688 692 693 700 705 712 714 739 753 792 801 816 822 857 875 902 923 932 942 946 954 965 975 980 989 1010 1034 1046 1050 1099 1130 1164 1190 1193 1215 1219 1233 1250 1265 1278 1300 1309 1330 1362 1382 1399 1405 1438 1472 1476 1484 1495 1497 1503 1510 1527 1562 1565 1571 1600 1622 1663 1666 1670 1701
187 50 142 147 154 167 230 257 277 365 557 567 601 668 739 787 816 902 923 1056 1130 1143 1151 1153 1233 1309 1430 1472 1497 1565 1571 1670 1701
21 17 45 50 66 109 115 139 142 154 217 228 257 267 277 330 365 378 398 409 422 451 462 493 500 511 518 525 537 541 557 574 577 578 609 610 611 616 629 638 646 648 655 673 698 700 708 722 739 751 758 816 846 847 872 902 923 949 956 971 978 989 996 1005 1038 1060 1081 1106 1109 1130 1143 1149 1161 1169 1193 1204 1208 1211 1233 1236 1262 1293 1309 1332 1362 1369 1460 1463 1472 1476 1489 1495 1497 1503 1546 1562 1571 1586 1600 1607 1613 1626 1632 1663 1670 1679 1701
22 15 45 115 121 142 146 149 154 221 223 228 257 264 276 277 293 297 303 360 365 371 386 388 421 498 530 531 542 591 594 596 603 634 655 666 688 693 700 739 741 816 849 853 902 923 997 1008 1018 1044 1055 1100 1111 1113 1164 1167 1233 1265 1278 1286 1309 1347 1350 1416 1472 1476 1497 1546 1553 1571 1594 1598 1600 1622 1663 1664 1670 1699 1701
23 115 120 142 221 228 257 277 292 325 365 503 557 574 646 655 688 700 739 743 816 847 855 857 898 902 923 975 978 1121 1164 1233 1265 1274 1278 1286 1309 1472 1571 1589 1622 1628 1655 1670 1701
24 45 66 109 115 121 142 147 149 154 228 257 277 303 365 492 500 516 557 625 655 688 700 739 765 816 851 868 892 902 923 950 976 978 996 1020 1130 1164 1173 1218 1229 1233 1253 1278 1309 1354 1431 1472 1476 1536 1571 1600 1622 1657 1670 1701
25 11 15 16 18 45 60 68 109 115 142 147 149 177 203 218 236 257 264 270 275 277 280 283 289 302 325 328 365 371 384 393 411 433 460 492 521 531 557 583 585 614 615 673 700 739 760 798 807 816 825 878 902 923 946 976 1011 1080 1110 1113 1167 1193 1207 1233 1309 1344 1350 1394 1399 1472 1515 1528 1535 1553 1571 1588 1600 1615 1622 1650 1652 1669 1670 1699 1701
26 15 41 45 115 121 136 142 152 163 173 210 221 228 230 235 240 252 257 264 267 277 340 354 365 389 391 394 483 492 498 514 522 525 557 558 583 655 673 693 700 703 710 712 739 741 758 801 806 808 816 825 829 860 879 898 908 917 922 935 942 975 980 991 995 996 1012 1014 1039 1044 1049 1070 1097 1130 1160 1164 1170 1185 1191 1206 1231 1233 1247 1265 1285 1333 1335 1343 1362 1368 1369 1376 1382 1441 1471 1472 1476 1488 1524 1545 1562 1565 1571 1594 1613 1618 1670 1701
27 5 115 142 146 147 177 228 234 257 267 277 288 292 295 299 303 309 328 346 365 382 417 511 516 520 557 585 618 644 655 700 739 771 816 902 923 944 958 1009 1039 1081 1130 1143 1158 1193 1230 1233 1309 1337 1344 1359 1472 1484 1497 1529 1545 1562 1565 1571 1600 1622 1670 1701
28 11 57 142 154 242 256 257 267 277 365 393 448 554 557 574 739 816 855 877 900 902 923 942 1021 1130 1193 1233 1262 1309 1472 1562 1571 1644 1670 1701
29 11 18 115 139 142 144 147 157 228 257 277 328 365 409 462 557 563 574 655 688 700 739 816 847 857 902 923 1021 1130 1164 1233 1278 1309 1350 1472 1495 1511 1571 1600 1615 1622 1670 1701
30 1 15 16 31 45 66 68 79 81 90 110 115 121 136 142 145 146 152 154 165 177 183 184 193 200 210 228 230 235 236 237 248 251 256 257 267 277 280 282 307 310 354 365 382 388 417 458 477 481 542 554 558 571 574 594 620 628 655 676 677 688 692 693 700 709 724 731 738 739 751 763 779 791 800 801 816 833 837 840 842 853 857 877 880 902 923 924 933 939 949 950 956 962 975 977 999 1009 1018 1021 1022 1034 1048 1049 1055 1056 1058 1066 1067 1079 1080 1110 1111 1125 1132 1137 1164 1174 1188 1193 1221 1229 1233 1253 1265 1274 1278 1300 1309 1317 1334 1343 1352 1364 1389 1403 1405 1416 1418 1428 1472 1476 1484 1502 1553 1562 1563 1564 1565 1571 1573 1576 1582 1584 1588 1600 1612 1622 1629 1641 1644 1660 1669 1670 1673 1701
31 115 142 149 202 228 237 257 277 319 365 447 529 557 584 655 676 688 692 700 739 779 816 857 902 907 923 966 978 1045 1130 1164 1229 1233 1253 1265 1278 1309 1320 1399 1431 1472 1476 1484 1571 1583 1589 1591 1622 1669 1670 1701
32 1 18 31 45 75 78 115 136 142 145 153 154 227 236 257 258 261 267 277 280 293 300 325 340 351 365 382 389 405 417 421 433 441 460 478 488 492 495 518 553 557 583 591 596 655 693 700 719 739 749 750 763 771 806 811 816 847 852 878 879 902 908 910 914 923 935 942 951 967 973 975 982 991 998 1055 1058 1080 1086 1109 1117 1130 1134 1156 1160 1162 1164 1172 1188 1196 1229 1232 1233 1261 1265 1278 1286 1294 1309 1328 1362 1375 1376 1382 1404 1408 1429 1472 1483 1488 1503 1511 1514 1528 1563 1565 1571 1573 1584 1586 1594 1598 1600 1615 1622 1626 1670 1679 1695 1701
33 12 15 23 57 80 110 115 130 135 139 142 146 147 149 153 181 226 228 237 246 255 257 267 275 277 313 365 374 382 386 389 410 417 427 433 435 441 443 459 468 500 507 511 527 537 541 542 557 563 591 595 596 609 621 655 673 700 712 722 739 760 777 782 816 833 871 879 902 923 949 961 989 998 1044 1052 1103 1108 1111 1137 1160 1164 1193 1196 1198 1231 1233 1256 1265 1283 1306 1309 1337 1356 1367 1372 1407 1425 1453 1472 1476 1480 1483 1497 1510 1512 1523 1551 1562 1571 1610 1615 1622 1626 1665 1670 1699 1701
34 6 11 18 45 60 68 94 96 115 121 142 150 154 165 223 228 230 242 257 270 277 280 286 292 320 325 365 481 491 501 530 554 557 578 580 655 665 688 693 700 712 739 743 751 758 783 791 807 816 841 843 849 872 902 923 942 958 975 978 996 1008 1049 1056 1083 1109 1110 1111 1114 1119 1130 1160 1164 1182 1193 1209 1221 1233 1236 1265 1268 1278 1309 1344 1346 1382 1406 1408 1460 1472 1476 1502 1520 1562 1565 1571 1597 1615 1622 1626 1655 1656 1663 1669 1670 1673 1701
190 11 68 95 115 142 257 277 325 328 365 478 483 529 557 655 700 736 739 758 760 785 816 825 880 896 902 923 942 980 1012 1049 1130 1164 1233 1309 1335 1350 1472 1571 1622 1670 1701
35 23 33 46 51 56 88 101 105 111 113 115 136 149 154 160 177 185 190 213 220 228 230 234 237 274 277 278 287 296 335 342 355 365 376 396 425 445 500 516 526 534 541 543 557 567 571 591 602 615 655 670 688 693 700 714 722 744 751 773 791 794 801 844 850 857 860 862 912 946 950 956 975 990 998 1012 1021 1024 1029 1056 1086 1108 1110 1130 1141 1162 1164 1167 1172 1230 1233 1259 1260 1262 1265 1269 1278 1295 1330 1342 1357 1367 1370 1376 1403 1404 1413 1417 1447 1471 1473 1476 1488 1489 1495 1520 1524 1546 1550 1555 1565 1567 1585 1599 1608 1612 1618 1621 1622 1647 1681 1697 1702
36 3 18 45 50 81 91 113 115 142 154 183 194 210 218 228 236 257 272 277 292 313 365 388 417 442 493 557 574 606 622 627 655 659 693 696 700 713 731 739 750 772 790 791 816 837 880 910 923 940 947 986 1055 1060 1090 1123 1130 1153 1161 1164 1185 1193 1233 1262 1265 1302 1344 1369 1410 1418 1432 1472 1528 1535 1562 1565 1571 1639 1670 1672 1701
37 8 45 66 78 91 115 123 131 136 142 146 149 154 228 257 261 277 312 335 365 371 386 388 433 488 499 500 516 542 557 574 591 635 655 688 692 700 713 719 722 739 760 773 816 820 825 850 859 887 890 902 923 934 939 967 998 1008 1055 1058 1083 1099 1146 1157 1163 1164 1196 1232 1233 1250 1256 1260 1265 1278 1300 1309 1322 1330 1337 1341 1371 1388 1447 1448 1472 1541 1560 1565 1571 1586 1600 1615 1622 1660 1670 1701
38 22 115 116 142 147 149 154 257 277 303 365 376 389 433 479 557 655 688 700 739 816 836 857 898 902 923 942 1056 1130 1164 1193 1233 1247 1278 1291 1309 1472 1550 1562 1571 1594 1622 1670 1701
39 0 18 48 115 142 147 149 154 228 257 270 275 277 289 328 342 365 376 389 417 425 426 500 507 518 520 539 546 563 574 595 597 633 655 686 688 700 701 733 739 797 816 825 850 857 885 902 912 923 946 953 967 978 991 998 1056 1086 1130 1164 1219 1232 1233 1259 1265 1278 1304 1309 1319 1367 1371 1374 1407 1472 1476 1484 1501 1528 1546 1550 1555 1571 1600 1603 1622 1665 1670 1701 1702
40 8 15 36 45 46 57 66 75 78 112 115 116 123 131 133 136 141 142 143 146 149 153 154 159 166 187 194 200 206 218 228 257 258 261 267 275 277 294 337 365 417 425 433 457 464 488 500 506 507 514 518 522 527 541 543 546 557 558 564 591 593 595 596 609 620 623 655 662 688 692 693 700 705 739 749 751 752 759 769 773 789 797 801 811 816 825 841 846 853 857 860 866 871 902 905 908 917 923 942 946 953 967 998 1002 1003 1015 1021 1058 1067 1070 1073 1086 1111 1146 1162 1164 1177 1190 1193 1211 1219 1233 1235 1260 1265 1278 1300 1309 1326 1327 1336 1338 1347 1352 1356 1367 1375 1376 1381 1382 1404 1405 1407 1416 1443 1472 1476 1483 1495 1502 1504 1510 1526 1561 1562 1565 1569 1571 1577 1600 1613 1619 1622 1632 1665 1670 1681 1690 1699 1701
41 40 107 115 121 142 149 152 154 164 227 228 257 267 277 325 329 332 354 365 366 429 438 442 487 500 521 526 557 562 593 595 606 655 686 688 693 700 731 733 739 747 751 801 807 816 835 841 849 853 857 902 904 911 913 923 946 947 968 975 997 1002 1038 1044 1130 1142 1164 1181 1191 1193 1230 1233 1252 1253 1295 1304 1309 1330 1343 1347 1353 1365 1367 1371 1382 1413 1414 1422 1430 1472 1476 1502 1503 1550 1562 1564 1569 1571 1589 1603 1616 1622 1625 1628 1635 1647 1655 1661 1664 1669 1670 1685 1701
194 1 45 57 91 115 142 151 163 170 180 181 188 203 215 217 225 228 236 243 257 262 277 302 310 342 362 365 376 382 389 392 421 424 442 458 462 468 481 499 500 505 511 550 555 557 574 578 594 595 609 617 646 655 662 700 711 731 733 739 744 756 781 787 796 797 801 812 816 824 829 835 860 861 877 885 901 902 915 916 917 918 923 928 931 940 989 992 1004 1012 1014 1021 1034 1055 1056 1059 1081 1086 1117 1128 1130 1131 1132 1143 1160 1164 1187 1192 1193 1233 1243 1253 1265 1272 1283 1304 1309 1323 1336 1339 1342 1356 1364 1371 1392 1397 1408 1416 1429 1470 1472 1484 1494 1510 1516 1524 1528 1540 1549 1550 1565 1571 1600 1622 1630 1644 1655 1658 1670 1679 1692 1697 1699 1701
42 45 115 142 149 154 257 277 288 294 365 376 379 500 557 574 602 625 655 688 693 700 739 777 787 816 857 875 902 914 923 1046 1130 1164 1169 1193 1232 1233 1265 1309 1340 1344 1365 1371 1376 1382 1388 1472 1478 1571 1576 1586 1622 1670 1671 1697 1701
43 110 115 142 147 228 257 277 365 376 557 558 646 655 688 700 739 807 816 820 847 857 885 902 923 955 1130 1147 1164 1233 1304 1309 1339 1472 1550 1571 1600 1622 1670 1701
195 90 115 142 152 154 160 177 228 230 236 257 277 303 342 365 371 386 478 487 500 526 609 640 655 665 688 692 700 721 722 739 749 791 799 816 823 825 857 888 898 902 923 952 978 980 1039 1046 1060 1073 1110 1118 1164 1217 1221 1233 1265 1275 1304 1309 1399 1472 1476 1489 1536 1550 1571 1586 1588 1622 1670 1675 1678 1701
44 11 57 62 115 142 147 149 166 221 228 236 257 258 277 288 294 300 317 365 368 376 379 384 389 417 433 452 520 525 531 542 557 581 591 594 609 646 655 688 692 700 724 739 749 777 789 797 798 801 816 829 857 873 891 902 923 991 1018 1020 1034 1046 1048 1055 1056 1073 1080 1103 1130 1164 1211 1233 1249 1253 1260 1265 1293 1304 1309 1371 1380 1416 1472 1476 1495 1550 1552 1571 1600 1619 1622 1651 1660 1663 1670 1701
45 40 48 57 90 115 120 134 142 149 154 180 201 227 236 257 267 277 325 350 374 389 406 433 479 492 507 529 557 571 604 609 641 646 655 700 709 722 739 753 774 792 807 816 824 902 923 956 962 1046 1109 1130 1160 1164 1190 1233 1253 1265 1272 1283 1309 1321 1337 1342 1420 1452 1472 1476 1485 1495 1497 1571 1593 1654 1669 1670 1695 1701
180 68 94 142 154 158 176 256 257 267 275 277 282 283 295 325 350 365 386 394 416 458 492 521 554 557 574 648 668 739 816 902 923 940 942 1018 1130 1233 1248 1265 1309 1338 1382 1449 1472 1525 1565 1571 1598 1644 1669 1670 1701
196 71 142 145 147 169 184 257 277 365 519 681 739 816 820 1081 1130 1205 1219 1233 1288 1313 1342 1472 1484
46 114 115 121 142 154 200 201 228 257 277 354 365 447 530 557 591 624 641 646 655 688 700 739 816 857 902 923 1020 1027 1031 1039 1046 1047 1053 1060 1063 1075 1130 1164 1229 1233 1236 1309 1354 1371 1382 1472 1476 1571 1617 1622 1670 1677 1701
155 11 18 22 23 50 57 90 99 115 118 124 128 130 142 144 150 154 163 181 190 228 236 241 257 270 277 297 325 328 330 342 360 365 386 389 396 417 426 433 436 446 447 453 477 486 487 491 498 503 507 509 530 543 550 556 557 572 578 595 616 617 630 655 670 673 675 679 688 689 700 713 716 739 750 751 758 775 776 779 795 796 798 801 807 816 832 838 841 847 853 855 862 865 878 879 902 908 919 923 924 933 940 942 944 949 956 989 995 996 1000 1036 1040 1055 1067 1081 1084 1096 1100 1117 1118 1130 1131 1142 1164 1192 1193 1211 1213 1222 1233 1243 1250 1265 1286 1288 1309 1346 1356 1357 1367 1382 1389 1408 1409 1418 1429 1440 1448 1466 1472 1476 1478 1481 1484 1497 1520 1524 1528 1555 1562 1565 1571 1588 1591 1598 1600 1615 1622 1624 1631 1654 1663 1670 1701
47 15 17 36 44 45 46 57 86 103 109 111 114 115 121 131 134 140 142 144 146 149 154 163 170 172 184 188 200 210 221 228 229 230 237 249 251 257 264 273 275 277 294 298 300 330 341 347 365 372 376 382 389 396 416 417 421 426 436 445 455 464 466 475 499 500 514 518 521 530 534 542 548 552 557 562 564 577 583 590 595 605 610 626 631 639 653 655 659 661 677 678 688 692 693 700 702 709 727 729 737 739 750 760 773 777 791 795 801 806 816 839 857 861 865 871 877 902 906 917 923 940 943 946 947 951 954 976 978 1001 1003 1008 1020 1021 1031 1032 1033 1039 1049 1050 1055 1058 1063 1070 1109 1111 1114 1120 1130 1147 1160 1164 1196 1204 1215 1221 1227 1233 1236 1243 1251 1265 1266 1274 1286 1301 1302 1309 1321 1337 1350 1356 1371 1382 1395 1396 1399 1429 1431 1468 1470 1472 1476 1482 1495 1502 1524 1549 1553 1562 1563 1564 1571 1588 1598 1600 1622 1624 1631 1644 1648 1660 1670 1679 1681 1690 1691 1699 1701
48 115 142 147 154 194 228 236 257 264 267 277 325 328 365 384 507 557 648 700 726 739 816 902 923 989 1007 1086 1130 1162 1164 1179 1233 1286 1309 1363 1472 1525 1571 1615 1670 1701
49 45 48 115 142 144 149 154 209 228 257 277 280 282 301 365 389 417 418 433 446 473 500 507 516 583 655 659 665 676 688 700 739 743 758 806 807 816 857 858 871 902 918 923 967 975 1009 1048 1056 1072 1085 1099 1130 1137 1149 1153 1164 1196 1221 1233 1265 1278 1294 1300 1303 1309 1376 1384 1407 1432 1441 1452 1456 1466 1472 1525 1536 1550 1555 1556 1562 1571 1600 1622 1670 1699 1701
50 15 46 57 70 115 139 142 146 147 149 151 154 200 228 236 257 277 365 409 463 513 515 591 593 609 655 688 693 700 719 722 728 739 789 812 816 850 887 902 923 1008 1048 1058 1092 1138 1164 1193 1230 1233 1265 1278 1309 1312 1347 1375 1379 1407 1453 1458 1463 1464 1472 1476 1558 1562 1571 1600 1615 1622 1699
51 33 45 89 115 142 149 222 244 257 277 286 297 350 365 387 417 477 479 487 494 530 585 616 688 700 733 739 816 817 878 902 923 978 1008 1017 1036 1050 1079 1118 1161 1164 1233 1278 1286 1302 1309 1358 1371 1472 1476 1506 1549 1555 1571 1576 1622 1670 1683 1701
52 42 45 55 57 78 95 100 110 115 142 149 154 221 222 228 257 276 277 312 324 336 351 357 365 366 376 389 433 452 461 462 471 490 491 516 530 557 591 616 625 638 646 655 665 677 688 700 713 719 726 737 739 740 749 777 787 791 801 807 816 831 840 850 852 853 857 860 902 910 912 923 937 940 953 956 959 978 998 1007 1046 1056 1058 1060 1099 1104 1110 1120 1161 1163 1164 1169 1172 1196 1216 1232 1233 1265 1300 1304 1309 1319 1336 1341 1356 1368 1371 1376 1422 1429 1451 1457 1472 1476 1478 1488 1504 1513 1549 1550 1555 1561 1564 1566 1569 1571 1573 1592 1600 1619 1622 1628 1633 1666 1670 1673 1699 1701
53 115 142 149 227 228 257 275 277 303 306 365 376 473 541 550 557 617 655 688 700 701 739 816 857 888 899 902 923 1012 1056 1130 1164 1185 1233 1278 1304 1309 1472 1497 1524 1550 1571 1622 1669 1670 1701
2 57 88 115 142 149 154 257 275 277 289 346 352 365 389 406 416 417 458 464 481 486 487 498 521 542 563 582 583 594 605 655 693 700 712 713 722 739 760 767 789 793 798 808 816 861 902 923 945 978 1118 1164 1193 1206 1218 1233 1256 1286 1309 1418 1456 1472 1476 1482 1524 1553 1562 1565 1571 1585 1600 1603 1615 1617 1670 1674 1676 1701
54 115 120 142 152 158 228 236 257 277 325 328 335 365 382 386 411 418 462 557 646 655 692 693 700 708 739 816 825 852 859 902 914 923 976 996 999 1007 1046 1056 1130 1147 1164 1176 1179 1182 1193 1204 1233 1261 1265 1286 1304 1309 1408 1472 1495 1497 1550 1571 1624 1670 1699 1701
55 5 15 19 32 45 48 61 65 66 78 103 105 115 119 130 131 139 142 146 149 154 156 168 172 177 181 184 198 201 208 209 221 226 228 236 242 247 257 277 288 292 296 300 302 305 308 331 339 345 348 365 371 379 389 409 421 433 439 446 462 476 488 494 498 500 503 507 516 517 527 542 548 570 576 578 591 595 596 602 605 609 616 619 620 651 655 665 688 694 700 703 710 719 728 739 753 775 791 792 794 799 801 805 816 845 849 853 871 875 878 887 902 908 923 942 946 950 965 967 975 978 989 998 999 1000 1008 1009 1020 1021 1025 1031 1048 1056 1058 1063 1070 1080 1083 1086 1099 1111 1126 1137 1139 1152 1160 1164 1167 1190 1196 1207 1221 1228 1233 1236 1244 1265 1278 1300 1309 1323 1335 1336 1349 1375 1377 1384 1407 1408 1416 1418 1423 1429 1448 1452 1459 1466 1472 1476 1482 1485 1488 1489 1493 1534 1537 1540 1542 1550 1555 1562 1571 1576 1579 1586 1600 1603 1608 1615 1618 1622 1628 1639 1668 1670 1683 1685 1695 1701
56 7 15 17 36 45 46 49 50 57 78 95 104 109 115 116 128 142 146 149 162 165 171 181 210 218 228 236 257 258 267 275 277 294 324 335 348 365 370 374 376 390 411 433 442 452 462 506 514 517 518 520 557 574 576 582 585 590 591 612 638 643 646 655 660 688 700 723 726 738 739 761 794 797 798 805 816 822 838 841 857 876 879 882 887 889 902 923 934 960 989 997 999 1007 1030 1034 1046 1050 1056 1058 1063 1073 1086 1096 1102 1105 1118 1130 1137 1153 1161 1164 1192 1221 1233 1256 1265 1292 1309 1313 1340 1362 1371 1382 1399 1407 1410 1434 1438 1466 1472 1475 1476 1493 1495 1519 1524 1527 1553 1571 1573 1600 1603 1613 1622 1626 1670 1679 1685 1701
57 48 96 115 133 146 154 210 218 228 236 277 301 332 365 376 389 425 433 450 461 462 484 488 500 507 539 542 543 557 590 609 613 635 638 655 688 700 719 722 724 731 744 751 773 798 801 807 825 847 849 850 853 857 862 863 887 932 936 945 1046 1086 1104 1109 1123 1126 1130 1144 1164 1233 1258 1265 1266 1277 1304 1319 1327 1339 1340 1347 1367 1368 1374 1387 1407 1455 1476 1477 1484 1495 1520 1550 1592 1600 1621 1622 1697
58 13 45 115 142 149 202 228 257 277 284 292 325 354 365 384 417 447 482 503 557 574 646 655 662 677 688 692 700 727 739 779 816 853 857 902 923 942 970 976 1055 1103 1130 1164 1233 1265 1278 1286 1309 1382 1399 1407 1416 1463 1472 1476 1565 1571 1622 1670 1701
198 142 257 325 475 557 739 816 902 923 1130 1309 1342 1472 1571 1670 1701
59 107 115 121 157 158 165 192 221 236 240 245 267 277 326 365 393 478 487 525 530 553 557 567 583 650 700 749 750 782 801 832 854 872 1038 1071 1104 1130 1178 1182 1198 1229 1233 1261 1265 1286 1344 1358 1367 1368 1382 1397 1466 1476 1553 1598 1626
199 142 147 151 257 557 563 739 794 816 902 923 1130 1309 1472 1571
60 45 114 115 121 140 141 142 149 154 170 181 198 228 257 267 270 277 292 345 365 376 387 494 530 539 541 543 557 563 591 595 655 666 675 686 688 693 700 714 722 723 731 739 751 777 781 816 846 850 851 857 865 868 876 890 900 902 906 909 920 923 929 936 942 952 1014 1066 1103 1130 1146 1162 1164 1193 1233 1240 1253 1265 1300 1304 1309 1404 1409 1432 1472 1473 1476 1495 1502 1546 1550 1562 1571 1576 1600 1603 1622 1629 1663 1669 1670 1701
61 114 115 142 154 228 257 277 341 365 366 376 452 500 557 655 688 700 739 816 902 923 1008 1130 1164 1233 1278 1309 1422 1472 1571 1622 1670 1697 1701
62 142 257 264 270 325 503 557 739 797 807 816 902 923 942 1130 1265 1309 1472 1555 1571 1615 1669 1670 1701
63 27 57 115 142 144 147 154 171 172 194 221 228 236 257 258 267 277 301 303 358 365 376 389 462 516 542 557 571 574 586 594 631 638 643 655 665 688 700 727 739 760 798 801 816 857 880 885 902 905 923 928 960 970 982 1055 1058 1073 1161 1164 1182 1193 1196 1208 1233 1241 1278 1309 1332 1337 1407 1413 1416 1472 1476 1553 1562 1565 1571 1598 1622 1626 1651 1664 1670 1701
64 30 115 139 142 144 178 228 236 256 257 277 283 286 303 365 409 433 462 491 554 557 575 655 700 739 816 902 923 992 1018 1021 1088 1093 1130 1164 1212 1225 1233 1248 1265 1268 1278 1286 1309 1346 1472 1528 1571 1622 1670 1699 1701
65 2 5 11 15 30 45 57 90 115 117 118 141 142 145 152 158 210 218 228 253 257 267 275 277 284 289 307 325 328 350 354 365 374 384 389 398 407 440 441 462 470 478 481 491 500 520 525 543 557 569 574 595 614 629 630 638 646 655 683 688 700 701 727 739 776 805 816 825 840 847 851 857 893 894 902 910 917 923 935 942 996 1034 1049 1058 1061 1069 1080 1104 1127 1130 1131 1145 1164 1165 1188 1229 1230 1231 1233 1240 1260 1265 1278 1298 1309 1350 1364 1376 1429 1435 1453 1472 1510 1528 1553 1562 1563 1565 1571 1586 1600 1603 1613 1615 1619 1622 1645 1654 1670 1678 1693 1701
66 66 114 115 116 142 147 154 163 209 226 228 237 257 276 277 325 341 357 365 417 457 500 535 557 584 591 609 616 655 662 688 700 737 739 751 816 857 902 910 923 956 975 989 991 1023 1070 1109 1130 1143 1164 1233 1240 1242 1256 1265 1278 1280 1309 1312 1355 1372 1380 1399 1456 1472 1524 1561 1571 1589 1598 1600 1615 1622 1670 1701
67 114 115 142 226 228 236 257 277 303 365 371 376 389 498 595 646 655 673 688 700 739 816 835 857 879 902 923 1020 1046 1056 1164 1193 1233 1250 1265 1278 1304 1309 1339 1356 1472 1474 1495 1550 1571 1615 1622 1651 1670 1685 1701
68 15 46 57 115 131 141 142 154 182 201 228 236 257 277 281 291 292 296 358 361 365 376 385 389 395 447 463 493 515 557 591 638 646 655 665 700 705 721 722 737 739 740 801 816 842 847 850 875 885 902 906 923 946 977 998 1001 1009 1053 1056 1069 1096 1130 1137 1147 1164 1172 1196 1200 1233 1236 1265 1304 1305 1309 1339 1395 1407 1427 1472 1495 1521 1522 1543 1550 1562 1571 1573 1586 1600 1622 1628 1661 1670 1677 1701
225 3 7 15 41 57 66 68 109 111 114 115 120 137 138 141 142 145 149 152 154 186 216 219 228 236 257 258 262 272 277 281 294 300 318 320 323 324 335 341 346 365 376 417 421 426 433 442 463 468 470 477 500 502 515 516 518 533 542 543 557 559 569 574 580 584 585 590 591 594 602 612 620 630 643 646 655 665 686 688 693 700 702 703 722 731 738 739 759 769 793 794 797 798 801 805 810 816 820 857 875 891 902 923 933 944 949 997 999 1001 1011 1020 1034 1049 1063 1072 1073 1103 1106 1109 1111 1114 1115 1130 1132 1145 1164 1170 1190 1192 1193 1204 1233 1236 1249 1253 1260 1262 1265 1278 1283 1304 1308 1309 1337 1362 1367 1368 1369 1407 1416 1432 1472 1490 1493 1495 1497 1501 1524 1528 1546 1548 1550 1565 1571 1573 1589 1598 1600 1603 1622 1628 1651 1652 1655 1670 1671 1701
200 6 7 45 46 48 57 71 75 78 81 113 114 115 130 136 142 149 150 154 181 182 202 210 219 228 236 257 275 277 291 312 320 323 324 325 332 335 341 365 366 389 425 433 446 450 461 462 468 480 481 488 500 502 518 539 557 558 564 591 595 597 609 625 638 655 724 726 731 733 739 744 750 758 777 794 798 801 816 837 848 850 853 873 875 876 902 923 953 959 989 992 998 999 1022 1033 1039 1047 1049 1074 1085 1104 1106 1120 1126 1130 1137 1139 1142 1144 1164 1169 1193 1196 1197 1211 1213 1230 1232 1233 1249 1254 1265 1277 1294 1300 1309 1319 1323 1332 1338 1347 1356 1364 1367 1368 1374 1376 1407 1409 1411 1422 1451 1455 1465 1472 1476 1478 1495 1497 1542 1549 1552 1560 1561 1571 1600 1622 1626 1631 1652 1665 1670 1671 1677 1686 1701 1702
191 20 33 35 61 75 78 91 105 112 113 119 123 142 149 163 181 196 200 219 225 257 272 276 294 296 326 331 350 358 370 384 389 400 417 461 500 527 557 574 576 591 595 631 645 646 655 694 703 710 713 731 739 754 773 774 787 816 840 879 887 902 923 939 946 997 998 1003 1009 1025 1058 1086 1120 1123 1124 1139 1156 1193 1215 1264 1285 1300 1309 1336 1375 1405 1434 1446 1447 1472 1497 1528 1562 1571 1600 1656 1665 1669 1670 1671 1685 1689 1701
69 15 57 104 115 135 139 141 142 145 147 163 213 228 236 257 267 270 274 277 306 325 365 374 376 389 409 433 459 466 471 488 497 501 511 543 553 555 569 582 590 591 596 638 646 655 688 693 700 713 726 727 739 746 797 816 829 846 852 857 867 902 923 942 949 950 954 958 991 996 1003 1005 1010 1034 1045 1058 1099 1103 1104 1110 1114 1130 1140 1160 1162 1164 1176 1193 1233 1249 1265 1266 1278 1300 1304 1309 1367 1368 1382 1383 1398 1407 1444 1463 1466 1472 1476 1497 1517 1550 1553 1560 1571 1573 1587 1590 1618 1619 1622 1626 1629 1670 1693 1697 1701
70 11 22 31 115 121 142 154 228 257 267 277 329 365 470 550 557 655 662 665 688 693 700 739 775 798 816 850 857 877 902 923 976 978 1130 1164 1167 1193 1212 1220 1221 1233 1309 1399 1460 1472 1562 1571 1586 1598 1622 1626 1670 1701
202 68 142 257 277 365 487 557 665 739 787 816 902 923 956 1109 1233 1265 1309 1346 1350 1472 1492 1571 1670 1701
71 18 95 115 142 149 228 257 270 277 303 365 376 389 398 455 574 595 620 630 654 655 688 693 700 733 739 746 816 853 855 894 902 910 923 957 976 1046 1130 1193 1219 1230 1233 1248 1262 1278 1304 1309 1336 1350 1365 1382 1472 1484 1497 1520 1528 1550 1553 1555 1562 1571 1588 1622 1623 1670 1701
72 35 36 45 57 95 104 105 115 121 142 147 149 154 170 210 219 220 228 236 257 275 277 296 365 389 417 421 433 516 530 542 557 569 574 591 594 616 631 634 635 638 655 666 688 692 700 726 739 783 789 816 824 853 857 902 923 970 1018 1045 1055 1056 1058 1059 1063 1084 1104 1107 1111 1127 1130 1164 1189 1192 1196 1233 1244 1254 1266 1278 1279 1300 1305 1309 1347 1350 1367 1416 1447 1472 1476 1550 1554 1565 1571 1588 1600 1619 1622 1626 1664 1665 1670 1673 1701
73 38 45 48 57 114 115 142 149 154 173 181 218 228 236 253 257 277 354 365 376 389 417 433 460 473 488 490 507 539 546 553 557 591 596 618 628 638 648 655 677 688 700 722 739 758 760 762 794 816 850 853 857 902 911 919 923 946 954 976 992 1030 1046 1053 1058 1086 1106 1108 1130 1164 1230 1233 1278 1286 1309 1319 1382 1399 1404 1407 1434 1471 1472 1473 1476 1492 1509 1520 1565 1571 1585 1622 1647 1670 1701
203 9 23 25 30 45 67 102 115 142 147 149 154 182 201 214 218 221 226 236 237 242 244 253 257 275 277 294 326 328 342 344 348 365 374 376 388 407 417 447 488 494 503 510 511 518 535 553 554 557 571 574 578 582 583 595 602 609 623 630 639 646 648 688 693 726 739 755 807 811 816 827 871 879 902 923 942 996 1005 1027 1046 1055 1070 1089 1093 1104 1106 1118 1130 1152 1171 1193 1220 1230 1232 1233 1240 1262 1265 1309 1312 1317 1335 1352 1356 1382 1389 1407 1416 1427 1459 1472 1476 1488 1496 1517 1528 1534 1557 1562 1565 1571 1576 1593 1600 1615 1619 1620 1622 1628 1654 1670 1671 1682 1695 1697 1701
204 7 8 45 46 57 75 78 112 115 129 131 138 141 142 147 149 153 154 181 194 203 218 228 253 257 258 261 277 278 303 340 365 417 433 435 447 454 488 500 502 514 515 543 555 557 558 564 591 595 596 609 619 620 623 638 639 647 651 654 655 688 693 700 724 739 759 769 777 801 816 850 853 869 871 876 887 902 905 917 923 939 946 958 967 975 998 1007 1008 1047 1058 1070 1073 1083 1084 1086 1103 1104 1129 1130 1160 1164 1170 1172 1190 1192 1193 1213 1219 1233 1248 1250 1262 1278 1309 1319 1327 1356 1364 1366 1367 1368 1373 1375 1376 1382 1390 1407 1416 1425 1456 1472 1484 1497 1504 1519 1549 1553 1562 1571 1603 1622 1657 1660 1664 1670 1673 1685 1701
74 15 29 30 45 53 61 67 109 115 136 142 149 153 154 228 257 277 292 342 365 421 457 593 609 610 611 655 685 688 700 739 777 797 807 816 820 845 902 923 933 949 998 1008 1020 1024 1070 1164 1172 1193 1233 1242 1265 1278 1309 1312 1327 1329 1356 1427 1464 1472 1476 1562 1571 1622 1654 1664 1669 1670 1701
75 48 62 115 124 141 142 154 168 201 218 228 257 277 328 351 365 389 411 473 507 533 557 609 632 638 655 665 675 700 710 739 798 816 855 859 902 916 923 945 946 951 977 989 1022 1074 1105 1130 1193 1233 1249 1265 1309 1322 1376 1382 1389 1460 1472 1476 1484 1528 1562 1571 1598 1603 1670 1695 1701
76 11 17 86 115 142 154 158 177 198 213 228 236 255 257 267 277 303 328 335 365 386 387 417 419 442 455 507 530 535 557 571 583 591 609 616 620 654 655 673 688 693 700 731 739 749 771 777 798 816 861 878 902 923 942 967 1008 1033 1049 1081 1082 1086 1099 1108 1130 1164 1193 1233 1242 1263 1265 1278 1283 1286 1300 1305 1309 1336 1342 1344 1382 1414 1428 1471 1472 1476 1482 1524 1528 1542 1562 1563 1571 1573 1588 1600 1622 1670 1694 1699 1701
206 71 142 145 147 169 184 257 277 365 519 681 739 816 820 1081 1130 1205 1219 1233 1288 1313 1342 1472 1484
77 115 142 147 228 257 277 365 500 557 574 655 688 700 739 816 902 923 1008 1053 1130 1164 1233 1265 1278 1309 1472 1476 1571 1615 1622 1670 1701
78 68 115 120 142 257 263 277 304 365 371 386 416 435 458 479 491 502 531 557 591 646 655 688 700 731 739 816 847 902 922 923 942 980 988 1012 1046 1056 1118 1130 1161 1164 1233 1274 1309 1365 1382 1407 1411 1472 1482 1524 1540 1550 1563 1571 1589 1622 1669 1670 1673 1701
79 50 68 125 126 142 154 203 240 257 267 276 280 294 354 407 416 417 458 500 503 544 557 574 603 605 646 648 665 700 739 771 788 807 816 847 860 889 902 916 917 923 975 976 978 1009 1034 1079 1080 1124 1147 1198 1233 1240 1262 1265 1278 1286 1301 1309 1346 1360 1471 1472 1476 1484 1565 1571 1586 1600 1613 1622 1628 1670 1701
207 71 142 145 147 169 184 257 277 365 519 681 739 816 820 1081 1130 1205 1219 1233 1288 1313 1342 1472 1484
80 45 104 115 116 142 149 154 221 228 236 257 258 267 277 292 354 365 366 386 417 447 452 493 500 525 557 574 578 643 644 655 677 688 700 722 726 739 816 857 871 902 923 953 989 998 1011 1015 1020 1024 1029 1039 1056 1073 1130 1162 1164 1221 1232 1233 1265 1309 1370 1382 1389 1404 1422 1429 1472 1476 1517 1565 1571 1588 1600 1603 1615 1619 1622 1669 1670 1701
81 11 12 27 115 121 142 147 157 209 221 225 228 257 277 292 303 365 371 379 389 393 417 436 450 518 571 574 583 590 605 655 688 693 700 701 713 716 731 739 751 758 791 807 816 829 850 854 871 898 902 923 942 949 978 1056 1130 1164 1193 1230 1233 1247 1291 1309 1336 1342 1348 1350 1382 1399 1407 1448 1469 1472 1476 1520 1546 1550 1562 1571 1589 1591 1594 1622 1632 1663 1670 1701
82 11 30 63 79 115 137 142 146 149 154 226 228 236 240 244 251 257 267 275 277 328 358 365 391 405 417 421 431 500 518 557 588 591 650 655 657 673 688 693 700 739 751 789 791 807 816 839 857 902 923 940 999 1056 1130 1149 1164 1233 1253 1265 1278 1309 1350 1380 1382 1388 1417 1458 1472 1476 1550 1553 1565 1571 1576 1588 1622 1669 1670 1701
83 38 45 77 100 115 121 134 142 154 194 213 227 228 230 257 267 275 276 277 282 292 297 302 303 313 365 384 396 417 425 460 477 478 487 500 507 514 516 557 572 593 595 632 646 655 700 722 739 751 816 849 850 857 902 904 908 918 923 946 975 995 996 1051 1074 1079 1110 1130 1145 1149 1164 1186 1219 1226 1233 1242 1278 1286 1305 1309 1313 1329 1371 1382 1441 1472 1476 1484 1497 1524 1528 1531 1538 1563 1565 1570 1571 1579 1586 1589 1622 1626 1642 1647 1654 1665 1670 1701
208 40 45 114 115 137 142 149 154 172 177 180 209 221 228 236 257 260 267 277 280 282 288 301 328 335 337 339 382 384 414 417 435 480 491 535 544 557 568 571 580 602 605 606 614 655 674 677 692 693 700 714 731 739 748 751 770 771 791 801 807 816 824 825 863 871 890 892 902 923 928 933 935 942 944 955 971 975 978 1036 1037 1056 1074 1080 1082 1083 1130 1143 1147 1164 1190 1191 1193 1233 1240 1262 1265 1286 1309 1312 1313 1338 1342 1347 1379 1452 1455 1472 1482 1506 1511 1539 1541 1550 1553 1562 1571 1586 1600 1619 1622 1670 1675 1695 1701
84 5 78 115 121 142 154 228 257 267 277 282 288 325 332 365 366 371 377 382 389 393 417 419 435 455 461 462 467 470 477 480 481 488 500 502 508 543 561 571 591 604 606 620 625 644 655 686 688 700 714 724 731 739 807 816 852 860 898 902 923 942 975 978 996 1008 1022 1039 1088 1104 1141 1161 1164 1169 1178 1182 1193 1216 1230 1232 1233 1240 1253 1278 1303 1309 1351 1368 1376 1422 1472 1478 1511 1517 1546 1549 1562 1563 1571 1573 1586 1589 1622 1631 1670 1677 1694 1701
85 115 142 228 257 277 365 557 655 688 700 739 816 857 902 923 956 1130 1164 1191 1233 1278 1309 1343 1472 1571 1622 1670 1701
86 115 142 228 257 277 365 557 655 688 700 739 816 857 902 923 1053 1130 1164 1233 1278 1309 1472 1571 1622 1670 1699 1701
87 15 20 23 26 66 83 90 91 101 114 115 116 129 135 142 147 181 188 227 228 239 240 257 267 277 278 280 282 303 310 328 365 369 388 389 413 433 440 464 470 478 488 509 511 525 529 530 542 543 557 571 574 594 596 616 621 644 648 655 677 688 700 714 716 739 756 760 799 804 807 812 816 841 847 853 860 889 900 902 910 923 956 975 993 1008 1012 1049 1061 1080 1130 1155 1160 1164 1196 1233 1240 1265 1278 1294 1309 1328 1357 1376 1377 1380 1382 1399 1411 1414 1471 1472 1476 1485 1539 1541 1545 1546 1556 1563 1564 1565 1571 1616 1622 1629 1635 1670 1685 1701
88 45 46 58 78 88 89 96 111 115 123 142 146 147 149 152 160 209 211 220 228 236 257 260 273 274 277 289 296 302 312 330 348 355 365 366 376 387 414 421 436 445 461 462 464 491 499 500 512 525 552 557 567 585 591 636 655 688 698 700 703 718 739 772 791 801 807 816 853 857 902 912 923 950 953 956 964 975 990 998 1005 1011 1015 1029 1056 1086 1110 1130 1141 1162 1164 1220 1221 1232 1233 1260 1263 1265 1286 1295 1305 1309 1335 1346 1364 1370 1404 1414 1422 1434 1472 1476 1482 1528 1532 1550 1565 1567 1571 1573 1622 1670 1674 1681 1685 1701 1702
89 2 8 11 15 24 38 45 46 55 78 105 111 115 116 142 149 154 160 170 181 195 210 211 219 220 228 242 257 267 277 296 340 342 345 346 355 365 366 394 414 425 435 437 445 459 488 490 500 514 525 543 557 574 591 593 635 636 655 686 688 700 703 731 733 738 739 740 801 816 847 850 853 867 887 902 908 912 923 924 931 942 946 950 953 956 978 989 990 998 1008 1011 1015 1029 1053 1058 1063 1070 1086 1110 1130 1141 1162 1164 1193 1207 1215 1223 1232 1233 1260 1265 1295 1309 1321 1362 1364 1370 1375 1391 1399 1404 1422 1436 1447 1471 1472 1477 1495 1497 1571 1585 1586 1597 1600 1622 1665 1667 1670 1671 1673 1681 1701 1702
210 45 66 80 88 96 108 113 134 142 149 152 160 210 211 257 258 267 275 277 294 312 328 332 365 412 433 435 445 459 461 462 488 500 509 514 517 518 551 557 574 616 693 739 760 794 816 850 902 923 933 936 940 942 975 998 1001 1029 1058 1063 1110 1130 1162 1184 1193 1196 1215 1233 1235 1309 1313 1319 1332 1341 1364 1404 1417 1434 1436 1443 1447 1472 1505 1559 1571 1573 1657 1670 1671 1673 1680 1685 1697 1701 1702
90 15 49 57 59 60 90 91 115 136 142 154 198 228 236 255 257 267 277 281 313 317 365 389 410 453 458 466 477 500 507 530 557 558 591 593 609 621 655 665 688 693 700 739 757 789 797 798 816 834 835 871 879 902 923 974 997 1008 1023 1030 1046 1056 1066 1106 1130 1164 1193 1214 1221 1230 1233 1239 1265 1278 1309 1313 1472 1476 1510 1550 1571 1576 1592 1600 1622 1624 1627 1670 1673 1678 1699 1701
211 71 142 145 147 169 184 257 277 365 519 681 739 816 820 1081 1130 1205 1219 1233 1288 1313 1342 1472 1484
212 71 142 145 147 169 184 257 277 365 519 681 739 816 820 1081 1130 1205 1219 1233 1288 1313 1342 1472 1484
91 115 142 228 257 277 303 365 409 491 550 557 583 655 688 700 739 787 816 857 902 923 1056 1130 1164 1221 1233 1278 1286 1309 1438 1472 1550 1553 1571 1586 1598 1622 1670 1701
92 40 49 57 75 78 79 81 96 100 112 115 141 142 143 149 154 194 210 218 220 228 230 253 255 257 258 265 267 276 277 298 301 329 339 365 417 433 455 466 473 474 475 487 488 490 500 502 507 518 522 527 543 575 582 591 596 599 625 638 647 655 668 688 693 700 724 726 739 751 752 809 816 822 841 847 850 853 858 860 869 873 902 917 922 923 935 942 946 950 962 967 998 999 1000 1008 1048 1055 1058 1068 1070 1073 1086 1103 1104 1122 1130 1137 1146 1162 1164 1192 1193 1230 1233 1250 1263 1264 1276 1278 1309 1317 1319 1340 1364 1367 1368 1376 1399 1404 1407 1416 1438 1472 1473 1476 1499 1502 1511 1520 1549 1552 1565 1571 1600 1613 1617 1619 1622 1631 1632 1657 1670 1695 1699 1701
3 57 115 142 154 158 165 185 228 257 258 275 277 280 310 313 365 382 389 417 427 431 433 481 516 526 569 583 609 638 640 655 688 693 700 712 739 750 798 801 803 816 823 857 861 902 923 978 989 1012 1033 1039 1048 1164 1193 1229 1233 1234 1253 1257 1278 1309 1365 1373 1435 1436 1472 1476 1502 1512 1524 1562 1571 1588 1600 1621 1622 1670 1697 1701
93 115 139 142 202 228 236 257 277 365 409 462 557 655 688 700 739 807 816 835 857 902 923 1012 1017 1083 1130 1164 1211 1233 1265 1309 1472 1564 1571 1586 1601 1615 1622 1670 1701
94 17 46 54 57 115 120 142 144 149 154 226 227 237 257 270 277 294 335 342 365 372 376 389 398 417 419 434 442 462 488 498 504 507 511 516 553 557 574 578 648 654 655 686 688 692 700 739 749 797 807 809 815 816 849 857 893 902 919 923 931 937 942 946 947 1010 1024 1037 1046 1080 1100 1110 1130 1147 1149 1160 1190 1215 1230 1233 1239 1283 1304 1309 1350 1399 1414 1452 1472 1473 1476 1489 1497 1550 1553 1571 1573 1586 1596 1600 1622 1625 1665 1670 1694 1701
95 49 115 116 121 130 149 154 201 230 236 264 288 370 387 500 530 542 557 580 610 678 693 709 716 731 751 791 801 807 825 846 905 942 976 978 1021 1027 1131 1193 1240 1262 1344 1354 1382 1437 1447 1476 1482 1502 1546 1600
213 71 142 145 147 169 184 257 277 365 519 681 739 816 820 920 1081 1130 1205 1219 1233 1288 1313 1342 1472 1484
96 33 115 139 142 151 154 228 236 257 270 277 365 376 379 409 555 655 688 700 739 816 857 902 923 929 1002 1164 1193 1233 1265 1309 1340 1472 1495 1571 1622 1670 1699 1701
97 3 11 115 120 142 149 154 228 257 264 277 288 365 374 380 384 393 426 436 518 557 563 580 655 686 700 739 762 807 816 817 825 902 911 923 975 978 989 1055 1130 1153 1161 1164 1193 1228 1233 1240 1309 1337 1358 1382 1416 1472 1562 1569 1571 1573 1583 1586 1589 1600 1628 1663 1670 1701
98 15 102 110 114 115 142 146 154 221 228 236 257 267 277 297 325 358 365 376 478 479 513 557 574 655 685 688 693 700 739 789 816 825 850 857 896 902 923 942 989 991 1046 1060 1130 1143 1164 1230 1233 1265 1278 1309 1380 1388 1407 1472 1476 1491 1497 1543 1553 1562 1571 1600 1622 1670 1699 1701
99 49 68 115 124 128 142 149 150 154 221 228 257 264 277 292 293 302 325 341 343 365 369 371 377 384 444 476 487 543 557 581 591 609 630 648 650 655 688 700 739 775 777 796 816 834 847 849 850 851 857 877 902 923 942 999 1001 1024 1040 1082 1130 1164 1213 1221 1222 1230 1233 1262 1265 1278 1301 1304 1309 1346 1350 1351 1367 1374 1407 1448 1472 1473 1476 1519 1520 1524 1550 1565 1571 1615 1622 1626 1670 1678 1699 1701
100 35 41 45 48 52 63 90 115 121 142 146 149 152 154 216 222 228 236 257 265 277 292 303 307 335 336 343 365 371 378 387 388 389 417 433 460 487 488 499 507 520 527 557 593 595 609 640 655 685 688 693 699 700 703 712 722 739 751 757 758 794 797 798 801 816 857 879 887 898 902 923 942 970 975 986 989 998 1033 1041 1044 1048 1049 1110 1111 1118 1130 1164 1167 1172 1233 1252 1253 1265 1278 1282 1294 1309 1319 1389 1429 1456 1468 1471 1472 1476 1534 1563 1571 1589 1600 1616 1622 1628 1670 1701
101 30 38 66 78 113 115 116 136 142 144 154 221 228 236 257 277 365 417 457 550 565 591 609 625 655 688 700 739 777 780 798 801 816 825 853 855 857 902 916 923 929 970 1058 1160 1164 1196 1233 1235 1265 1293 1306 1309 1356 1388 1413 1429 1471 1472 1476 1478 1571 1573 1600 1622 1670 1680 1701
102 0 20 30 45 57 66 71 78 91 95 115 142 146 149 154 166 170 210 218 219 228 236 257 277 296 329 358 365 394 412 417 447 452 461 500 553 556 591 609 655 665 669 688 693 694 700 710 713 722 726 738 739 777 797 816 833 848 853 857 902 917 923 989 998 1001 1032 1034 1048 1055 1058 1063 1099 1104 1120 1139 1164 1172 1193 1196 1233 1235 1252 1265 1278 1300 1309 1354 1367 1380 1399 1409 1416 1443 1472 1478 1494 1497 1562 1571 1622 1628 1670 1697 1701
162 109 112 115 135 142 154 157 257 277 292 294 365 371 384 389 418 473 520 521 525 557 574 583 591 655 665 686 693 700 731 739 751 758 760 767 798 807 816 842 855 877 889 902 923 924 942 947 975 995 1024 1039 1129 1182 1193 1233 1265 1302 1309 1350 1389 1399 1411 1438 1445 1448 1472 1476 1517 1524 1562 1565 1571 1589 1600 1615 1622 1665 1670 1676 1695 1701
214 66 115 120 130 142 228 257 267 277 365 376 530 655 688 700 739 785 789 795 801 816 857 859 860 902 916 923 996 1018 1046 1096 1143 1164 1176 1233 1237 1246 1309 1472 1510 1571 1576 1622 1670 1699 1701
103 24 40 45 48 53 78 96 110 115 122 134 136 139 142 181 191 199 228 230 257 277 325 341 342 365 366 409 417 419 520 557 574 585 591 609 638 655 665 688 693 700 724 731 739 816 852 857 869 902 912 923 931 968 997 1020 1033 1069 1104 1111 1125 1137 1147 1162 1164 1173 1192 1197 1233 1235 1278 1289 1309 1342 1346 1364 1368 1404 1407 1422 1438 1472 1483 1499 1528 1570 1571 1579 1613 1622 1624 1654 1669 1670 1701
104 8 39 115 136 142 149 154 228 257 277 325 365 371 374 386 417 449 557 591 618 655 688 700 731 739 775 781 816 845 902 912 923 942 967 1008 1017 1130 1160 1164 1213 1233 1261 1265 1278 1309 1406 1472 1476 1509 1571 1589 1600 1622 1670 1699 1701
215 142 257 360 557 574 636 739 816 902 923 1126 1130 1218 1265 1309 1350 1472 1476 1571 1576 1669 1670 1701
105 9 15 46 57 81 89 90 105 107 115 135 142 143 147 149 154 181 209 210 218 221 228 230 235 252 254 257 267 270 277 281 292 296 335 341 351 365 371 377 389 400 406 417 421 426 433 464 470 482 500 503 516 518 520 530 538 541 580 591 595 596 605 606 616 622 632 634 638 644 655 664 665 675 688 692 693 699 700 714 724 731 739 743 777 787 790 797 801 807 816 822 825 850 853 857 864 871 879 887 902 910 914 923 955 970 978 982 983 989 1010 1021 1022 1031 1034 1055 1058 1081 1084 1090 1097 1099 1107 1125 1143 1152 1160 1164 1167 1170 1193 1206 1211 1216 1220 1224 1230 1233 1240 1250 1254 1257 1259 1265 1278 1297 1300 1302 1309 1331 1337 1362 1365 1368 1395 1407 1447 1472 1488 1500 1503 1512 1514 1527 1536 1537 1546 1562 1571 1582 1595 1598 1603 1615 1622 1624 1632 1642 1654 1670 1695 1701
216 22 45 142 147 257 277 280 303 335 365 571 739 816 834 841 902 923 975 1130 1219 1233 1309 1313 1337 1382 1472 1484 1565 1571 1615 1670 1701
106 8 13 15 24 50 57 63 94 109 115 130 138 142 149 150 152 154 210 228 236 244 257 258 263 267 270 277 282 294 325 330 337 354 365 382 390 421 433 435 442 466 477 478 548 557 570 574 591 593 616 630 638 643 650 655 665 688 692 693 698 700 710 722 731 739 743 758 759 767 777 789 794 801 809 810 816 839 849 856 857 860 902 910 917 921 923 937 951 975 978 989 1010 1017 1020 1034 1039 1058 1072 1073 1082 1092 1097 1103 1109 1115 1118 1130 1136 1137 1156 1160 1164 1190 1193 1197 1204 1224 1230 1233 1245 1257 1265 1277 1278 1306 1309 1318 1354 1359 1361 1367 1369 1379 1382 1389 1426 1429 1449 1466 1472 1476 1510 1528 1532 1562 1565 1571 1573 1600 1615 1622 1626 1628 1670 1681 1701
217 66 110 111 115 142 257 277 312 325 365 518 591 655 689 731 733 739 794 816 902 923 978 1103 1193 1221 1233 1287 1309 1341 1371 1407 1420 1472 1562 1571 1600 1622 1670 1701
107 88 115 142 154 160 211 228 230 249 257 277 365 478 493 500 583 585 591 635 655 688 700 710 739 775 791 816 820 849 857 902 923 978 982 998 1029 1110 1118 1130 1164 1232 1233 1278 1286 1309 1341 1375 1417 1432 1434 1447 1472 1476 1528 1571 1600 1613 1622 1670 1699 1701
218 142 257 277 288 365 417 481 557 563 739 816 902 923 1130 1233 1309 1456 1472 1571 1586 1670 1701
108 1 4 57 68 114 115 127 130 141 142 154 181 207 256 257 277 294 299 325 341 348 365 376 389 402 416 426 458 463 468 477 478 479 500 543 553 558 569 574 585 591 595 617 632 635 646 655 658 669 678 688 700 739 758 772 815 816 829 853 857 877 902 910 923 931 989 992 999 1012 1021 1039 1046 1048 1049 1051 1056 1060 1073 1114 1119 1130 1131 1164 1167 1176 1190 1233 1237 1249 1250 1265 1267 1268 1272 1274 1276 1304 1305 1309 1340 1351 1399 1416 1429 1472 1474 1476 1482 1495 1508 1528 1550 1565 1571 1600 1615 1622 1644 1669 1670 1697 1701
109 142 154 257 277 303 365 511 557 733 739 794 816 902 923 1036 1233 1309 1472 1562 1565 1571 1600 1670 1701
110 30 38 78 115 142 149 154 161 201 228 236 257 272 277 350 365 376 389 433 507 511 535 542 591 609 632 655 688 700 726 731 739 816 850 857 885 902 923 967 992 1007 1009 1046 1056 1164 1179 1190 1233 1265 1309 1342 1382 1472 1476 1550 1553 1571 1615 1622 1642 1669 1670 1701
111 48 78 88 113 115 142 149 154 211 228 243 247 257 271 277 312 365 445 461 500 510 557 558 591 655 688 700 739 758 794 798 801 816 850 857 869 871 902 923 998 1056 1058 1080 1130 1164 1193 1221 1230 1233 1250 1265 1272 1275 1304 1309 1330 1332 1339 1356 1364 1382 1404 1411 1434 1472 1476 1536 1553 1561 1562 1571 1576 1600 1603 1622 1670 1685 1686 1701 1702
112 45 57 88 115 134 142 147 152 154 173 181 210 228 232 257 275 277 325 365 376 429 468 479 488 500 543 557 565 591 593 597 609 614 638 639 655 683 688 693 700 724 739 777 798 816 845 850 857 879 902 912 914 922 923 970 997 998 1001 1020 1036 1046 1056 1069 1095 1104 1111 1143 1164 1169 1192 1193 1230 1233 1240 1265 1266 1286 1305 1309 1327 1347 1364 1417 1472 1476 1524 1550 1553 1562 1571 1573 1622 1664 1667 1670 1701
4 7 23 31 45 78 115 120 142 143 149 154 190 210 228 253 257 264 277 365 394 417 509 557 591 655 662 686 688 693 700 739 816 825 857 861 862 888 902 917 922 923 942 967 995 1007 1162 1164 1179 1193 1233 1253 1265 1288 1309 1313 1325 1346 1382 1387 1399 1404 1463 1472 1481 1497 1562 1571 1600 1615 1622 1669 1670 1701
113 57 115 136 142 154 178 228 230 257 277 294 317 325 342 365 382 416 426 458 557 609 616 655 688 698 700 703 739 807 816 857 861 902 917 919 923 1012 1055 1056 1080 1130 1164 1169 1187 1193 1211 1221 1230 1233 1283 1309 1313 1330 1348 1350 1382 1472 1473 1476 1520 1524 1525 1562 1565 1571 1600 1622 1663 1670 1699 1701
114 11 15 16 45 52 57 68 94 115 116 130 142 147 152 154 162 165 172 177 215 219 221 230 235 250 257 267 270 273 276 277 278 280 292 296 308 321 324 335 337 350 365 377 378 393 405 417 431 433 439 446 458 460 469 470 478 479 481 495 501 503 526 542 544 548 556 557 563 570 571 585 591 599 620 627 628 644 646 653 662 693 698 700 709 711 718 723 731 739 745 751 757 763 771 784 788 790 791 793 797 799 806 809 816 839 841 877 887 889 902 905 917 923 939 942 947 966 971 973 978 988 994 1005 1017 1021 1033 1044 1049 1051 1063 1074 1080 1083 1088 1103 1109 1110 1118 1129 1130 1149 1153 1167 1174 1176 1182 1193 1212 1233 1240 1253 1265 1275 1283 1286 1294 1301 1303 1309 1330 1337 1343 1344 1346 1349 1369 1384 1399 1408 1441 1452 1466 1469 1471 1472 1476 1500 1502 1506 1534 1537 1545 1546 1551 1553 1555 1565 1566 1569 1571 1573 1584 1588 1589 1615 1616 1636 1650 1670 1671 1701
142 45 46 57 88 113 114 115 134 142 144 149 154 160 201 210 212 254 257 272 277 295 318 320 374 377 386 389 433 445 446 455 477 500 535 541 557 565 569 582 591 593 597 609 638 642 655 665 693 700 722 724 739 777 801 816 850 859 875 887 902 903 912 923 931 942 950 978 989 997 998 1028 1034 1048 1069 1095 1115 1130 1139 1157 1164 1169 1190 1192 1193 1216 1230 1242 1249 1265 1293 1305 1309 1310 1364 1368 1370 1399 1406 1411 1417 1425 1472 1475 1476 1495 1522 1571 1600 1628 1669 1670 1701 1702
219 33 45 48 62 64 78 108 109 114 115 135 142 149 153 161 164 228 237 257 261 267 272 277 303 328 365 376 382 389 426 433 488 507 520 574 591 596 618 632 635 646 655 665 688 699 700 719 739 741 760 769 811 812 816 853 857 875 902 908 923 932 935 944 945 950 967 998 999 1002 1058 1070 1086 1099 1137 1157 1164 1190 1196 1233 1262 1265 1300 1304 1309 1323 1339 1381 1384 1391 1407 1416 1472 1476 1488 1495 1497 1546 1550 1560 1562 1571 1586 1600 1622 1634 1664 1670 1671 1683 1695 1701
150 45 48 66 102 114 115 121 135 140 142 149 154 182 201 226 228 235 255 257 267 277 291 341 342 358 365 376 400 452 498 513 534 540 557 591 646 655 673 685 698 700 712 719 739 797 798 816 850 863 873 875 885 902 923 935 942 998 1009 1056 1060 1074 1130 1137 1164 1185 1193 1233 1265 1283 1291 1304 1309 1312 1334 1339 1347 1356 1387 1407 1411 1472 1476 1482 1495 1543 1550 1552 1562 1571 1586 1594 1600 1622 1628 1662 1664 1666 1670 1675 1701
134 48 53 58 73 108 113 114 115 142 147 149 150 218 228 237 256 257 267 277 289 303 328 341 342 344 350 365 417 498 500 508 554 557 574 617 618 634 638 655 656 677 688 700 701 702 739 740 780 787 801 816 825 835 839 850 851 857 877 902 923 942 950 954 989 992 999 1001 1012 1020 1021 1043 1058 1088 1104 1111 1120 1126 1130 1143 1164 1229 1233 1265 1305 1309 1331 1356 1364 1382 1397 1407 1443 1472 1482 1505 1571 1575 1613 1615 1622 1644 1670 1675 1679 1685 1701
115 27 53 73 78 114 115 135 142 145 179 192 210 220 226 236 257 272 277 292 320 324 341 342 365 370 389 422 463 468 477 541 545 563 582 603 616 651 655 700 739 768 795 816 835 847 852 859 879 887 902 903 923 928 929 953 962 983 992 1135 1164 1197 1204 1233 1236 1249 1263 1265 1305 1309 1323 1346 1356 1362 1368 1376 1380 1406 1460 1465 1472 1482 1496 1527 1558 1571 1573 1603 1606 1611 1626 1663 1669 1670 1671 1701
116 7 27 44 45 46 57 66 77 78 81 94 113 114 115 120 122 141 142 143 144 147 149 154 192 201 228 257 261 267 272 275 277 281 295 309 320 326 340 341 365 375 380 389 406 424 426 459 460 461 463 468 473 477 486 493 499 500 502 522 528 531 535 542 543 546 551 557 565 569 574 580 582 587 590 591 593 595 602 609 614 627 638 641 642 655 675 677 693 696 700 712 724 726 731 733 739 750 795 798 801 804 809 812 816 825 850 852 853 859 875 879 902 904 911 917 923 928 929 932 935 936 942 950 989 992 998 1003 1009 1017 1030 1034 1056 1062 1063 1072 1073 1103 1108 1120 1125 1126 1130 1131 1137 1149 1157 1164 1165 1176 1190 1192 1193 1200 1209 1213 1217 1219 1227 1230 1232 1233 1239 1249 1252 1254 1260 1265 1277 1283 1296 1309 1322 1335 1356 1359 1367 1368 1380 1382 1388 1407 1432 1448 1454 1455 1472 1476 1484 1495 1497 1501 1523 1525 1527 1529 1548 1562 1564 1571 1573 1585 1601 1607 1613 1615 1624 1626 1639 1667 1670 1671 1677 1678 1679 1685 1701
221 7 15 114 115 142 144 149 182 242 257 277 318 341 342 371 374 389 426 447 468 477 499 533 548 569 591 609 632 635 655 665 679 700 724 733 739 777 815 816 850 873 875 876 902 903 910 923 950 963 965 992 1033 1048 1067 1139 1142 1157 1190 1192 1193 1196 1205 1249 1257 1260 1265 1282 1305 1309 1312 1368 1375 1407 1472 1488 1495 1501 1527 1552 1557 1571 1586 1624 1663 1670 1671 1691 1701
222 7 15 45 52 57 89 114 115 142 146 147 148 149 151 154 210 218 226 228 235 237 257 272 277 320 330 384 389 416 426 433 446 455 458 460 463 487 499 500 510 514 530 535 557 569 587 603 609 623 634 638 655 666 692 693 700 710 712 722 723 739 758 772 781 789 797 798 801 803 816 850 852 864 875 879 900 902 910 923 933 950 970 997 1028 1034 1048 1049 1063 1066 1072 1074 1109 1114 1118 1130 1141 1142 1148 1157 1164 1167 1190 1192 1193 1197 1213 1216 1230 1234 1239 1249 1260 1265 1300 1305 1309 1314 1319 1321 1347 1472 1474 1476 1495 1496 1501 1571 1573 1589 1593 1599 1600 1603 1615 1618 1622 1663 1670 1671 1685 1701
223 7 15 21 38 57 112 114 115 131 142 148 239 257 291 318 350 389 417 433 463 468 540 587 591 595 609 635 655 658 665 692 731 739 798 816 825 847 853 860 902 923 929 946 993 999 1058 1062 1063 1103 1109 1111 1115 1124 1164 1172 1190 1192 1224 1260 1265 1309 1368 1375 1416 1420 1463 1472 1476 1495 1504 1562 1571 1600 1614 1628 1639 1670 1699 1701
224 71 142 145 169 184 257 277 365 519 681 739 794 816 879 1081 1205 1219 1233 1265 1288 1313 1342 1356 1472 1484 1576
117 15 45 57 65 78 91 105 115 131 136 139 141 142 145 146 149 154 181 209 221 226 228 230 235 257 277 281 294 346 348 365 384 389 410 421 435 442 447 471 477 483 486 495 501 514 516 520 525 530 553 602 616 630 631 655 666 670 675 688 692 700 723 739 744 750 758 771 777 789 798 808 816 849 853 857 864 905 908 923 924 926 933 937 949 950 970 989 997 1009 1030 1050 1055 1058 1072 1110 1111 1119 1127 1137 1151 1160 1164 1174 1193 1196 1206 1220 1231 1233 1234 1239 1250 1262 1278 1287 1292 1300 1309 1310 1313 1314 1330 1358 1362 1363 1382 1399 1407 1411 1448 1452 1454 1472 1476 1484 1494 1514 1522 1528 1546 1553 1560 1562 1571 1573 1585 1597 1600 1613 1618 1622 1624 1628 1633 1639 1650 1654 1660 1663 1670 1673 1681 1701
186 7 78 115 142 149 151 257 267 277 312 328 365 389 461 500 537 574 591 608 639 641 655 669 739 777 816 905 916 923 929 1002 1058 1092 1120 1162 1196 1233 1248 1262 1265 1283 1341 1372 1376 1404 1420 1463 1472 1571 1586 1601 1633 1670 1701
118 8 11 24 33 48 57 64 115 128 131 132 141 142 149 181 198 200 208 210 257 267 272 277 292 294 305 327 328 354 365 384 389 433 435 462 488 500 503 507 543 553 555 557 574 576 584 591 596 619 633 646 669 719 727 728 739 760 766 798 801 812 816 829 842 845 847 853 905 923 924 942 945 946 950 964 975 992 1020 1086 1099 1109 1110 1111 1130 1152 1160 1168 1190 1215 1233 1234 1240 1254 1265 1281 1300 1313 1365 1367 1379 1384 1407 1472 1476 1488 1528 1571 1600 1601 1603 1612 1613 1631 1634 1635 1639 1664 1670 1681 1683 1685 1701
119 11 57 100 115 121 126 142 149 201 228 236 257 277 365 386 530 557 574 583 595 655 677 700 739 816 1110 1130 1164 1233 1260 1265 1472 1476 1571 1622 1670 1697 1701
120 46 66 115 121 123 141 142 149 154 182 188 218 228 257 277 279 294 335 342 365 488 491 493 500 520 541 543 557 593 609 655 685 688 699 700 703 739 798 799 816 857 879 905 939 942 989 997 998 1024 1038 1083 1104 1110 1130 1164 1197 1233 1265 1278 1292 1312 1352 1356 1394 1472 1528 1565 1571 1622 1670 1681 1701
188 15 21 24 46 57 64 66 70 78 81 104 108 116 141 142 144 149 154 195 203 241 249 257 261 275 276 277 294 296 298 328 354 358 368 381 389 392 417 448 466 467 477 500 517 574 585 591 593 612 638 650 655 662 692 700 702 719 722 737 738 739 749 754 766 798 801 816 825 830 838 850 871 879 887 906 908 923 946 954 956 961 998 999 1001 1034 1048 1055 1063 1103 1113 1138 1139 1149 1160 1161 1188 1193 1207 1232 1241 1253 1263 1276 1279 1288 1293 1319 1323 1347 1354 1362 1363 1367 1382 1391 1395 1402 1407 1413 1416 1427 1436 1447 1458 1468 1472 1495 1528 1536 1553 1558 1562 1571 1589 1600 1609 1613 1618 1624 1660 1668 1670 1671 1695 1699 1701
189 15 24 45 102 116 130 131 141 142 149 154 173 181 200 210 212 220 222 235 236 255 257 275 276 317 329 346 358 410 412 417 429 446 467 500 507 514 515 516 540 557 574 578 591 628 672 721 724 739 783 798 805 816 847 850 860 908 954 956 998 1001 1004 1030 1034 1038 1069 1073 1104 1106 1125 1138 1170 1176 1196 1242 1264 1265 1269 1283 1312 1313 1323 1364 1368 1375 1393 1407 1427 1472 1478 1502 1558 1569 1571 1590 1603 1615 1662 1666 1676 1695 1699
121 15 41 45 46 48 57 64 115 138 142 144 149 154 182 200 201 228 257 275 277 291 296 342 354 358 417 463 488 513 514 515 540 591 593 655 688 700 703 719 722 728 737 739 740 741 776 789 812 816 850 857 887 891 906 933 950 953 956 991 998 1029 1048 1058 1070 1073 1092 1108 1131 1137 1138 1159 1164 1244 1255 1265 1278 1285 1312 1323 1326 1327 1356 1379 1407 1411 1436 1453 1458 1463 1464 1472 1493 1542 1543 1558 1561 1571 1592 1600 1622 1662 1664 1670 1701
122 15 57 61 66 115 142 149 154 171 200 219 257 258 267 275 277 344 422 493 494 514 522 578 591 643 655 700 739 758 816 853 939 1063 1073 1092 1102 1111 1119 1164 1236 1367 1382 1411 1472 1493 1571 1603 1624 1628 1670 1686 1701
123 15 45 48 57 66 78 91 108 113 115 121 128 131 135 141 142 146 147 149 153 154 170 178 181 203 207 219 225 237 256 257 264 277 351 362 365 421 424 433 442 458 468 488 500 537 542 550 555 557 574 591 594 609 617 635 655 662 676 677 719 722 731 739 743 784 787 797 805 812 816 853 855 860 861 864 876 877 916 917 942 956 965 976 977 989 999 1004 1012 1018 1021 1034 1039 1055 1063 1073 1077 1086 1092 1096 1111 1117 1124 1128 1130 1131 1132 1196 1233 1253 1262 1265 1283 1327 1336 1364 1367 1405 1407 1416 1425 1429 1472 1474 1483 1524 1549 1555 1565 1571 1587 1588 1589 1600 1644 1670 1690 1695 1697
226 8 26 33 38 40 45 46 50 66 71 75 78 113 116 128 129 130 131 142 143 146 149 167 171 177 210 219 237 257 258 261 267 271 272 277 278 294 317 346 348 365 379 382 384 388 389 394 396 417 418 426 433 435 447 449 471 488 491 494 500 507 514 516 518 533 543 557 564 570 574 576 580 582 591 595 596 599 625 631 638 657 703 722 733 737 739 752 759 769 773 791 797 801 816 841 850 853 860 869 875 879 887 905 906 916 917 924 946 950 967 975 993 994 998 999 1000 1007 1015 1047 1058 1070 1073 1080 1086 1109 1110 1117 1129 1137 1153 1160 1162 1177 1180 1200 1230 1233 1250 1254 1261 1288 1313 1323 1326 1336 1356 1364 1373 1375 1376 1382 1396 1399 1404 1407 1409 1416 1425 1443 1472 1476 1483 1497 1504 1531 1565 1571 1589 1596 1601 1609 1627 1628 1670 1673 1678 1685 1688 1695 1701
228 142 149 257 267 507 739 816 1086 1472 1571 1670 1701
229 71 142 145 147 149 169 184 257 277 365 519 681 739 816 820 1081 1205 1219 1233 1265 1288 1313 1342 1472 1484
124 5 21 23 24 50 62 115 136 149 154 181 213 217 228 235 242 255 264 267 272 277 308 330 340 350 365 384 389 433 437 500 507 527 528 574 609 619 628 651 655 665 688 700 719 725 751 797 801 841 853 857 913 942 950 976 980 989 999 1050 1052 1080 1109 1110 1124 1160 1164 1188 1202 1233 1254 1278 1309 1436 1461 1474 1528 1565 1588 1601 1622 1631
193 0 46 96 104 108 113 115 142 149 153 154 170 182 187 193 203 210 218 236 242 257 267 277 294 301 345 357 365 381 425 450 457 461 462 474 484 488 490 507 527 539 557 582 584 596 609 628 635 692 719 724 739 744 773 798 816 834 850 887 906 908 916 932 937 964 998 1018 1025 1063 1071 1086 1104 1110 1120 1123 1126 1130 1131 1139 1144 1193 1213 1232 1233 1238 1258 1265 1266 1277 1293 1319 1326 1340 1347 1362 1367 1373 1374 1411 1447 1455 1472 1528 1561 1562 1571 1573 1585 1586 1588 1592 1600 1601 1660 1665 1670 1671 1673 1686 1695 1697
